NaN,0,0.01,0.02,0.03,0.04,0.05,0.06,0.07,0.08,0.09,0.1,0.11,0.12,0.13,0.14,0.15,0.16,0.17,0.18,0.19,0.2,0.21,0.22,0.23,0.24,0.25,0.26,0.27,0.28,0.29,0.3,0.31,0.32,0.33,0.34,0.35,0.36,0.37,0.38,0.39,0.4,0.41,0.42,0.43,0.44,0.45,0.46,0.47,0.48,0.49,0.5,0.51,0.52,0.53,0.54,0.55,0.56,0.57,0.58,0.59,0.6,0.61,0.62,0.63,0.64,0.65,0.66,0.67,0.68,0.69,0.7,0.71,0.72,0.73,0.74,0.75,0.76,0.77,0.78,0.79,0.8,0.81,0.82,0.83,0.84,0.85,0.86,0.87,0.88,0.89,0.9,0.91,0.92,0.93,0.94,0.95,0.96,0.97,0.98,0.99,1
0,NaN,NaN,NaN,NaN,NaN,NaN,NaN,NaN,NaN,NaN,NaN,NaN,NaN,NaN,NaN,NaN,NaN,NaN,NaN,NaN,NaN,NaN,NaN,NaN,NaN,NaN,NaN,NaN,NaN,NaN,NaN,NaN,NaN,NaN,NaN,NaN,NaN,NaN,NaN,NaN,NaN,NaN,NaN,NaN,NaN,NaN,NaN,NaN,NaN,NaN,NaN,NaN,NaN,NaN,NaN,NaN,NaN,NaN,NaN,NaN,NaN,NaN,NaN,NaN,NaN,NaN,NaN,NaN,NaN,NaN,NaN,NaN,NaN,NaN,NaN,NaN,NaN,NaN,NaN,NaN,NaN,NaN,NaN,NaN,NaN,NaN,NaN,NaN,NaN,NaN,NaN,NaN,NaN,NaN,NaN,NaN,NaN,NaN,NaN,NaN,NaN
0.01,NaN,NaN,NaN,NaN,NaN,NaN,NaN,NaN,NaN,NaN,NaN,NaN,NaN,NaN,NaN,NaN,NaN,NaN,NaN,NaN,NaN,NaN,NaN,NaN,NaN,NaN,NaN,NaN,NaN,NaN,NaN,NaN,NaN,NaN,NaN,NaN,NaN,NaN,NaN,NaN,NaN,NaN,NaN,NaN,NaN,NaN,NaN,NaN,NaN,NaN,NaN,NaN,NaN,NaN,NaN,NaN,NaN,NaN,NaN,NaN,NaN,NaN,NaN,NaN,NaN,NaN,NaN,NaN,NaN,NaN,NaN,NaN,NaN,NaN,NaN,NaN,NaN,NaN,NaN,NaN,NaN,NaN,NaN,NaN,NaN,NaN,NaN,NaN,NaN,NaN,NaN,NaN,NaN,NaN,NaN,NaN,NaN,NaN,NaN,NaN,NaN
0.02,NaN,NaN,NaN,NaN,NaN,NaN,NaN,NaN,NaN,NaN,NaN,NaN,NaN,NaN,NaN,NaN,NaN,NaN,NaN,NaN,NaN,NaN,NaN,NaN,NaN,NaN,NaN,NaN,NaN,NaN,NaN,NaN,NaN,NaN,NaN,NaN,NaN,NaN,NaN,NaN,NaN,NaN,NaN,NaN,NaN,NaN,NaN,NaN,NaN,NaN,NaN,NaN,NaN,NaN,NaN,5.9636,NaN,NaN,NaN,NaN,NaN,NaN,NaN,NaN,NaN,NaN,NaN,NaN,NaN,NaN,NaN,NaN,NaN,NaN,NaN,NaN,NaN,NaN,NaN,NaN,NaN,NaN,NaN,NaN,NaN,NaN,NaN,NaN,NaN,NaN,NaN,NaN,NaN,NaN,NaN,NaN,NaN,NaN,NaN,NaN,NaN
0.03,NaN,NaN,NaN,NaN,NaN,NaN,NaN,NaN,NaN,NaN,NaN,NaN,NaN,NaN,NaN,NaN,NaN,NaN,NaN,NaN,NaN,NaN,NaN,NaN,NaN,NaN,NaN,NaN,NaN,NaN,NaN,NaN,NaN,NaN,NaN,NaN,NaN,NaN,NaN,NaN,NaN,NaN,NaN,NaN,NaN,NaN,NaN,NaN,NaN,NaN,NaN,NaN,NaN,NaN,NaN,0.86906,NaN,NaN,NaN,NaN,NaN,NaN,NaN,NaN,NaN,NaN,NaN,NaN,NaN,NaN,NaN,NaN,NaN,NaN,NaN,NaN,NaN,NaN,NaN,NaN,NaN,NaN,NaN,NaN,NaN,NaN,NaN,NaN,NaN,NaN,NaN,NaN,NaN,NaN,NaN,NaN,NaN,NaN,NaN,NaN,NaN
0.04,NaN,NaN,NaN,NaN,NaN,NaN,NaN,NaN,NaN,NaN,NaN,NaN,NaN,NaN,NaN,NaN,NaN,NaN,NaN,NaN,NaN,NaN,NaN,NaN,NaN,NaN,NaN,NaN,NaN,NaN,NaN,NaN,NaN,NaN,NaN,NaN,NaN,NaN,NaN,NaN,NaN,NaN,NaN,NaN,NaN,NaN,NaN,NaN,NaN,NaN,NaN,NaN,NaN,NaN,NaN,0.4622,5.0083,NaN,NaN,NaN,NaN,NaN,NaN,NaN,NaN,NaN,NaN,NaN,NaN,NaN,NaN,NaN,NaN,NaN,NaN,NaN,NaN,NaN,NaN,NaN,NaN,NaN,NaN,NaN,NaN,NaN,NaN,NaN,NaN,NaN,NaN,NaN,NaN,NaN,NaN,NaN,NaN,NaN,NaN,NaN,NaN
0.05,NaN,NaN,NaN,NaN,NaN,NaN,NaN,NaN,NaN,NaN,NaN,NaN,NaN,NaN,NaN,NaN,NaN,NaN,NaN,NaN,NaN,NaN,NaN,NaN,NaN,NaN,NaN,NaN,NaN,NaN,NaN,NaN,NaN,NaN,NaN,NaN,NaN,NaN,NaN,NaN,NaN,NaN,NaN,NaN,NaN,NaN,NaN,NaN,NaN,NaN,NaN,NaN,NaN,NaN,NaN,0.31421,1.4419,NaN,NaN,NaN,NaN,NaN,NaN,NaN,NaN,NaN,NaN,NaN,NaN,NaN,NaN,NaN,NaN,NaN,NaN,NaN,NaN,NaN,NaN,NaN,NaN,NaN,NaN,NaN,NaN,NaN,NaN,NaN,NaN,NaN,NaN,NaN,NaN,NaN,NaN,NaN,NaN,NaN,NaN,NaN,NaN
0.06,NaN,NaN,NaN,NaN,NaN,NaN,NaN,NaN,NaN,NaN,NaN,NaN,NaN,NaN,NaN,NaN,NaN,NaN,NaN,NaN,NaN,NaN,NaN,NaN,NaN,NaN,NaN,NaN,NaN,NaN,NaN,NaN,NaN,NaN,NaN,NaN,NaN,NaN,NaN,NaN,NaN,NaN,NaN,NaN,NaN,NaN,NaN,NaN,NaN,NaN,NaN,NaN,NaN,NaN,NaN,0.23787,0.83173,4.2881,NaN,NaN,NaN,NaN,NaN,NaN,NaN,NaN,NaN,NaN,NaN,NaN,NaN,NaN,NaN,NaN,NaN,NaN,NaN,NaN,NaN,NaN,NaN,NaN,NaN,NaN,NaN,NaN,NaN,NaN,NaN,NaN,NaN,NaN,NaN,NaN,NaN,NaN,NaN,NaN,NaN,NaN,NaN
0.07,NaN,NaN,NaN,NaN,NaN,NaN,NaN,NaN,NaN,NaN,NaN,NaN,NaN,NaN,NaN,NaN,NaN,NaN,NaN,NaN,NaN,NaN,NaN,NaN,NaN,NaN,NaN,NaN,NaN,NaN,NaN,NaN,NaN,NaN,NaN,NaN,NaN,NaN,NaN,NaN,NaN,NaN,NaN,NaN,NaN,NaN,NaN,NaN,NaN,NaN,NaN,NaN,NaN,NaN,NaN,0.19131,0.58255,1.7635,40.611,NaN,NaN,NaN,NaN,NaN,NaN,NaN,NaN,NaN,NaN,NaN,NaN,NaN,NaN,NaN,NaN,NaN,NaN,NaN,NaN,NaN,NaN,NaN,NaN,NaN,NaN,NaN,NaN,NaN,NaN,NaN,NaN,NaN,NaN,NaN,NaN,NaN,NaN,NaN,NaN,NaN,NaN
0.08,NaN,NaN,NaN,NaN,NaN,NaN,NaN,NaN,NaN,NaN,NaN,NaN,NaN,NaN,NaN,NaN,NaN,NaN,NaN,NaN,NaN,NaN,NaN,NaN,NaN,NaN,NaN,NaN,NaN,NaN,NaN,NaN,NaN,NaN,NaN,NaN,NaN,NaN,NaN,NaN,NaN,NaN,NaN,NaN,NaN,NaN,NaN,NaN,NaN,NaN,NaN,NaN,NaN,NaN,NaN,0.16,0.4478,1.0994,3.7406,NaN,NaN,NaN,NaN,NaN,NaN,NaN,NaN,NaN,NaN,NaN,NaN,NaN,NaN,NaN,NaN,NaN,NaN,NaN,NaN,NaN,NaN,NaN,NaN,NaN,NaN,NaN,NaN,NaN,NaN,NaN,NaN,NaN,NaN,NaN,NaN,NaN,NaN,NaN,NaN,NaN,NaN
0.09,NaN,NaN,NaN,NaN,NaN,NaN,NaN,NaN,NaN,NaN,NaN,NaN,NaN,NaN,NaN,NaN,NaN,NaN,NaN,NaN,NaN,NaN,NaN,NaN,NaN,NaN,NaN,NaN,NaN,NaN,NaN,NaN,NaN,NaN,NaN,NaN,NaN,NaN,NaN,NaN,NaN,NaN,NaN,NaN,NaN,NaN,NaN,NaN,NaN,NaN,NaN,NaN,NaN,NaN,NaN,0.13749,0.36349,0.7961,1.9154,9.9051,NaN,NaN,NaN,NaN,NaN,NaN,NaN,NaN,NaN,NaN,NaN,NaN,NaN,NaN,NaN,NaN,NaN,NaN,NaN,NaN,NaN,NaN,NaN,NaN,NaN,NaN,NaN,NaN,NaN,NaN,NaN,NaN,NaN,NaN,NaN,NaN,NaN,NaN,NaN,NaN,NaN
0.1,NaN,NaN,NaN,NaN,NaN,NaN,NaN,NaN,NaN,NaN,NaN,NaN,NaN,NaN,NaN,NaN,NaN,NaN,NaN,NaN,NaN,NaN,NaN,NaN,NaN,NaN,NaN,NaN,NaN,NaN,NaN,NaN,NaN,NaN,NaN,NaN,NaN,NaN,NaN,NaN,NaN,NaN,NaN,NaN,NaN,NaN,NaN,NaN,NaN,NaN,NaN,NaN,NaN,NaN,NaN,0.12053,0.30582,0.62313,1.2782,3.3141,NaN,NaN,NaN,NaN,NaN,NaN,NaN,NaN,NaN,NaN,NaN,NaN,NaN,NaN,NaN,NaN,NaN,NaN,NaN,NaN,NaN,NaN,NaN,NaN,NaN,NaN,NaN,NaN,NaN,NaN,NaN,NaN,NaN,NaN,NaN,NaN,NaN,NaN,NaN,NaN,NaN
0.11,NaN,NaN,NaN,NaN,NaN,NaN,NaN,NaN,NaN,NaN,NaN,NaN,NaN,NaN,NaN,NaN,NaN,NaN,NaN,NaN,NaN,NaN,NaN,NaN,NaN,NaN,NaN,NaN,NaN,NaN,NaN,NaN,NaN,NaN,NaN,NaN,NaN,NaN,NaN,NaN,NaN,NaN,NaN,NaN,NaN,NaN,NaN,NaN,NaN,NaN,NaN,NaN,NaN,NaN,NaN,0.10729,0.2639,0.51156,0.95645,1.9632,6.0827,NaN,NaN,NaN,NaN,NaN,NaN,NaN,NaN,NaN,NaN,NaN,NaN,NaN,NaN,NaN,NaN,NaN,NaN,NaN,NaN,NaN,NaN,NaN,NaN,NaN,NaN,NaN,NaN,NaN,NaN,NaN,NaN,NaN,NaN,NaN,NaN,NaN,NaN,NaN,NaN
0.12,NaN,NaN,NaN,NaN,NaN,NaN,NaN,NaN,NaN,NaN,NaN,NaN,NaN,NaN,NaN,NaN,NaN,NaN,NaN,NaN,NaN,NaN,NaN,NaN,NaN,NaN,NaN,NaN,NaN,NaN,NaN,NaN,NaN,NaN,NaN,NaN,NaN,NaN,NaN,NaN,NaN,NaN,NaN,NaN,NaN,NaN,NaN,NaN,NaN,NaN,NaN,NaN,NaN,NaN,NaN,0.096669,0.23208,0.43373,0.76307,1.3875,2.9725,13.525,NaN,NaN,NaN,NaN,NaN,NaN,NaN,NaN,NaN,NaN,NaN,NaN,NaN,NaN,NaN,NaN,NaN,NaN,NaN,NaN,NaN,NaN,NaN,NaN,NaN,NaN,NaN,NaN,NaN,NaN,NaN,NaN,NaN,NaN,NaN,NaN,NaN,NaN,NaN
0.13,NaN,NaN,NaN,NaN,NaN,NaN,NaN,NaN,NaN,NaN,NaN,NaN,NaN,NaN,NaN,NaN,NaN,NaN,NaN,NaN,NaN,NaN,NaN,NaN,NaN,NaN,NaN,NaN,NaN,NaN,NaN,NaN,NaN,NaN,NaN,NaN,NaN,NaN,NaN,NaN,NaN,NaN,NaN,NaN,NaN,NaN,NaN,NaN,NaN,NaN,NaN,NaN,NaN,NaN,NaN,0.087962,0.20709,0.37637,0.63428,1.0704,1.9502,4.5419,81.576,NaN,NaN,NaN,NaN,NaN,NaN,NaN,NaN,NaN,NaN,NaN,NaN,NaN,NaN,NaN,NaN,NaN,NaN,NaN,NaN,NaN,NaN,NaN,NaN,NaN,NaN,NaN,NaN,NaN,NaN,NaN,NaN,NaN,NaN,NaN,NaN,NaN,NaN
0.14,NaN,NaN,NaN,NaN,NaN,NaN,NaN,NaN,NaN,NaN,NaN,NaN,NaN,NaN,NaN,NaN,NaN,NaN,NaN,NaN,NaN,NaN,NaN,NaN,NaN,NaN,NaN,NaN,NaN,NaN,NaN,NaN,NaN,NaN,NaN,NaN,NaN,NaN,NaN,NaN,NaN,NaN,NaN,NaN,NaN,NaN,NaN,NaN,NaN,NaN,NaN,NaN,NaN,NaN,NaN,0.080693,0.18695,0.33237,0.54243,0.87017,1.4456,2.6932,7.1941,NaN,NaN,NaN,NaN,NaN,NaN,NaN,NaN,NaN,NaN,NaN,NaN,NaN,NaN,NaN,NaN,NaN,NaN,NaN,NaN,NaN,NaN,NaN,NaN,NaN,NaN,NaN,NaN,NaN,NaN,NaN,NaN,NaN,NaN,NaN,NaN,NaN,NaN
0.15,NaN,NaN,NaN,NaN,NaN,NaN,NaN,NaN,NaN,NaN,NaN,NaN,NaN,NaN,NaN,NaN,NaN,NaN,NaN,NaN,NaN,NaN,NaN,NaN,NaN,NaN,NaN,NaN,NaN,NaN,NaN,NaN,NaN,NaN,NaN,NaN,NaN,NaN,NaN,NaN,NaN,NaN,NaN,NaN,NaN,NaN,NaN,NaN,NaN,NaN,NaN,NaN,NaN,NaN,NaN,0.074534,0.17037,0.29755,0.47372,0.73253,1.1463,1.9035,3.6889,12.369,NaN,NaN,NaN,NaN,NaN,NaN,NaN,NaN,NaN,NaN,NaN,NaN,NaN,NaN,NaN,NaN,NaN,NaN,NaN,NaN,NaN,NaN,NaN,NaN,NaN,NaN,NaN,NaN,NaN,NaN,NaN,NaN,NaN,NaN,NaN,NaN,NaN
0.16,NaN,NaN,NaN,NaN,NaN,NaN,NaN,NaN,NaN,NaN,NaN,NaN,NaN,NaN,NaN,NaN,NaN,NaN,NaN,NaN,NaN,NaN,NaN,NaN,NaN,NaN,NaN,NaN,NaN,NaN,NaN,NaN,NaN,NaN,NaN,NaN,NaN,NaN,NaN,NaN,NaN,NaN,NaN,NaN,NaN,NaN,NaN,NaN,NaN,NaN,NaN,NaN,NaN,NaN,NaN,0.069248,0.1565,0.26932,0.42039,0.63221,0.94865,1.4678,2.4608,5.0481,25.959,NaN,NaN,NaN,NaN,NaN,NaN,NaN,NaN,NaN,NaN,NaN,NaN,NaN,NaN,NaN,NaN,NaN,NaN,NaN,NaN,NaN,NaN,NaN,NaN,NaN,NaN,NaN,NaN,NaN,NaN,NaN,NaN,NaN,NaN,NaN,NaN
0.17,NaN,NaN,NaN,NaN,NaN,NaN,NaN,NaN,NaN,NaN,NaN,NaN,NaN,NaN,NaN,NaN,NaN,NaN,NaN,NaN,NaN,NaN,NaN,NaN,NaN,NaN,NaN,NaN,NaN,NaN,NaN,NaN,NaN,NaN,NaN,NaN,NaN,NaN,NaN,NaN,NaN,NaN,NaN,NaN,NaN,NaN,NaN,NaN,NaN,NaN,NaN,NaN,NaN,NaN,NaN,0.064662,0.14471,0.24597,0.3778,0.5559,0.80859,1.1925,1.8392,3.1373,6.9475,133.98,NaN,NaN,NaN,NaN,NaN,NaN,NaN,NaN,NaN,NaN,NaN,NaN,NaN,NaN,NaN,NaN,NaN,NaN,NaN,NaN,NaN,NaN,NaN,NaN,NaN,NaN,NaN,NaN,NaN,NaN,NaN,NaN,NaN,NaN,NaN
0.18,NaN,NaN,NaN,NaN,NaN,NaN,NaN,NaN,NaN,NaN,NaN,NaN,NaN,NaN,NaN,NaN,NaN,NaN,NaN,NaN,NaN,NaN,NaN,NaN,NaN,NaN,NaN,NaN,NaN,NaN,NaN,NaN,NaN,NaN,NaN,NaN,NaN,NaN,NaN,NaN,NaN,NaN,NaN,NaN,NaN,NaN,NaN,NaN,NaN,NaN,NaN,NaN,NaN,NaN,NaN,0.060645,0.13458,0.22634,0.34302,0.49593,0.70427,1.0033,1.4652,2.2646,3.9547,9.6841,NaN,NaN,NaN,NaN,NaN,NaN,NaN,NaN,NaN,NaN,NaN,NaN,NaN,NaN,NaN,NaN,NaN,NaN,NaN,NaN,NaN,NaN,NaN,NaN,NaN,NaN,NaN,NaN,NaN,NaN,NaN,NaN,NaN,NaN,NaN
0.19,NaN,NaN,NaN,NaN,NaN,NaN,NaN,NaN,NaN,NaN,NaN,NaN,NaN,NaN,NaN,NaN,NaN,NaN,NaN,NaN,NaN,NaN,NaN,NaN,NaN,NaN,NaN,NaN,NaN,NaN,NaN,NaN,NaN,NaN,NaN,NaN,NaN,NaN,NaN,NaN,NaN,NaN,NaN,NaN,NaN,NaN,NaN,NaN,NaN,NaN,NaN,NaN,NaN,NaN,NaN,0.057099,0.12577,0.20961,0.31409,0.44759,0.62361,0.86534,1.2161,1.7669,2.7465,4.9344,13.783,NaN,NaN,NaN,NaN,NaN,NaN,NaN,NaN,NaN,NaN,NaN,NaN,NaN,NaN,NaN,NaN,NaN,NaN,NaN,NaN,NaN,NaN,NaN,NaN,NaN,NaN,NaN,NaN,NaN,NaN,NaN,NaN,NaN,NaN
0.2,NaN,NaN,NaN,NaN,NaN,NaN,NaN,NaN,NaN,NaN,NaN,NaN,NaN,NaN,NaN,NaN,NaN,NaN,NaN,NaN,NaN,NaN,NaN,NaN,NaN,NaN,NaN,NaN,NaN,NaN,NaN,NaN,NaN,NaN,NaN,NaN,NaN,NaN,NaN,NaN,NaN,NaN,NaN,NaN,NaN,NaN,NaN,NaN,NaN,NaN,NaN,NaN,NaN,NaN,NaN,0.053944,0.11804,0.19518,0.28965,0.40779,0.55942,0.76045,1.0386,1.4463,2.0968,3.2848,6.0949,20.257,NaN,NaN,NaN,NaN,NaN,NaN,NaN,NaN,NaN,NaN,NaN,NaN,NaN,NaN,NaN,NaN,NaN,NaN,NaN,NaN,NaN,NaN,NaN,NaN,NaN,NaN,NaN,NaN,NaN,NaN,NaN,NaN,NaN
0.21,NaN,NaN,NaN,NaN,NaN,NaN,NaN,NaN,NaN,NaN,NaN,NaN,NaN,NaN,NaN,NaN,NaN,NaN,NaN,NaN,NaN,NaN,NaN,NaN,NaN,NaN,NaN,NaN,NaN,NaN,NaN,NaN,NaN,NaN,NaN,NaN,NaN,NaN,NaN,NaN,NaN,NaN,NaN,NaN,NaN,NaN,NaN,NaN,NaN,NaN,NaN,NaN,NaN,NaN,NaN,0.051119,0.1112,0.1826,0.26872,0.37447,0.50713,0.67806,0.90579,1.2229,1.6923,2.4521,3.8765,7.4454,31.252,NaN,NaN,NaN,NaN,NaN,NaN,NaN,NaN,NaN,NaN,NaN,NaN,NaN,NaN,NaN,NaN,NaN,NaN,NaN,NaN,NaN,NaN,NaN,NaN,NaN,NaN,NaN,NaN,NaN,NaN,NaN,NaN
0.22,NaN,NaN,NaN,NaN,NaN,NaN,NaN,NaN,NaN,NaN,NaN,NaN,NaN,NaN,NaN,NaN,NaN,NaN,NaN,NaN,NaN,NaN,NaN,NaN,NaN,NaN,NaN,NaN,NaN,NaN,NaN,NaN,NaN,NaN,NaN,NaN,NaN,NaN,NaN,NaN,NaN,NaN,NaN,NaN,NaN,NaN,NaN,NaN,NaN,NaN,NaN,NaN,NaN,NaN,NaN,0.048576,0.10512,0.17155,0.25061,0.34616,0.46374,0.61166,0.80283,1.0586,1.4169,1.9516,2.8287,4.5127,8.9787,52.084,NaN,NaN,NaN,NaN,NaN,NaN,NaN,NaN,NaN,NaN,NaN,NaN,NaN,NaN,NaN,NaN,NaN,NaN,NaN,NaN,NaN,NaN,NaN,NaN,NaN,NaN,NaN,NaN,NaN,NaN,NaN
0.23,NaN,NaN,NaN,NaN,NaN,NaN,NaN,NaN,NaN,NaN,NaN,NaN,NaN,NaN,NaN,NaN,NaN,NaN,NaN,NaN,NaN,NaN,NaN,NaN,NaN,NaN,NaN,NaN,NaN,NaN,NaN,NaN,NaN,NaN,NaN,NaN,NaN,NaN,NaN,NaN,NaN,NaN,NaN,NaN,NaN,NaN,NaN,NaN,NaN,NaN,NaN,NaN,NaN,NaN,NaN,0.046274,0.099662,0.16175,0.23478,0.32182,0.42716,0.55702,0.7207,0.93283,1.2176,1.6184,2.2208,3.2199,5.1794,10.655,99.385,NaN,NaN,NaN,NaN,NaN,NaN,NaN,NaN,NaN,NaN,NaN,NaN,NaN,NaN,NaN,NaN,NaN,NaN,NaN,NaN,NaN,NaN,NaN,NaN,NaN,NaN,NaN,NaN,NaN,NaN
0.24,NaN,NaN,NaN,NaN,NaN,NaN,NaN,NaN,NaN,NaN,NaN,NaN,NaN,NaN,NaN,NaN,NaN,NaN,NaN,NaN,NaN,NaN,NaN,NaN,NaN,NaN,NaN,NaN,NaN,NaN,NaN,NaN,NaN,NaN,NaN,NaN,NaN,NaN,NaN,NaN,NaN,NaN,NaN,NaN,NaN,NaN,NaN,NaN,NaN,NaN,NaN,NaN,NaN,NaN,NaN,0.04418,0.094745,0.15301,0.22083,0.30067,0.3959,0.51128,0.6537,0.83348,1.0669,1.3811,1.8249,2.4955,3.6178,5.856,12.396,256.57,NaN,NaN,NaN,NaN,NaN,NaN,NaN,NaN,NaN,NaN,NaN,NaN,NaN,NaN,NaN,NaN,NaN,NaN,NaN,NaN,NaN,NaN,NaN,NaN,NaN,NaN,NaN,NaN,NaN
0.25,NaN,NaN,NaN,NaN,NaN,NaN,NaN,NaN,NaN,NaN,NaN,NaN,NaN,NaN,NaN,NaN,NaN,NaN,NaN,NaN,NaN,NaN,NaN,NaN,NaN,NaN,NaN,NaN,NaN,NaN,NaN,NaN,NaN,NaN,NaN,NaN,NaN,NaN,NaN,NaN,NaN,NaN,NaN,NaN,NaN,NaN,NaN,NaN,NaN,NaN,NaN,NaN,NaN,NaN,NaN,0.042267,0.09029,0.14517,0.20844,0.28212,0.36889,0.47245,0.59801,0.75308,0.94902,1.2037,1.5471,2.0332,2.7703,4.0115,6.5166,14.081,NaN,NaN,NaN,NaN,NaN,NaN,NaN,NaN,NaN,NaN,NaN,NaN,NaN,NaN,NaN,NaN,NaN,NaN,NaN,NaN,NaN,NaN,NaN,NaN,NaN,NaN,NaN,NaN,NaN
0.26,NaN,NaN,NaN,NaN,NaN,NaN,NaN,NaN,NaN,NaN,NaN,NaN,NaN,NaN,NaN,NaN,NaN,NaN,NaN,NaN,NaN,NaN,NaN,NaN,NaN,NaN,NaN,NaN,NaN,NaN,NaN,NaN,NaN,NaN,NaN,NaN,NaN,NaN,NaN,NaN,NaN,NaN,NaN,NaN,NaN,NaN,NaN,NaN,NaN,NaN,NaN,NaN,NaN,NaN,NaN,0.040513,0.086235,0.13809,0.19737,0.26572,0.34532,0.43908,0.55101,0.68671,0.85435,1.0662,1.3417,1.7134,2.2399,3.0395,4.3899,7.1313,15.555,NaN,NaN,NaN,NaN,NaN,NaN,NaN,NaN,NaN,NaN,NaN,NaN,NaN,NaN,NaN,NaN,NaN,NaN,NaN,NaN,NaN,NaN,NaN,NaN,NaN,NaN,NaN,NaN
0.27,NaN,NaN,NaN,NaN,NaN,NaN,NaN,NaN,NaN,NaN,NaN,NaN,NaN,NaN,NaN,NaN,NaN,NaN,NaN,NaN,NaN,NaN,NaN,NaN,NaN,NaN,NaN,NaN,NaN,NaN,NaN,NaN,NaN,NaN,NaN,NaN,NaN,NaN,NaN,NaN,NaN,NaN,NaN,NaN,NaN,NaN,NaN,NaN,NaN,NaN,NaN,NaN,NaN,NaN,NaN,0.038899,0.082529,0.13167,0.18741,0.25112,0.32457,0.41009,0.51081,0.63101,0.77669,0.95659,1.1838,1.4792,1.8775,2.4413,3.297,4.741,7.6711,16.668,NaN,NaN,NaN,NaN,NaN,NaN,NaN,NaN,NaN,NaN,NaN,NaN,NaN,NaN,NaN,NaN,NaN,NaN,NaN,NaN,NaN,NaN,NaN,NaN,NaN,NaN,NaN
0.28,NaN,NaN,NaN,NaN,NaN,NaN,NaN,NaN,NaN,NaN,NaN,NaN,NaN,NaN,NaN,NaN,NaN,NaN,NaN,NaN,NaN,NaN,NaN,NaN,NaN,NaN,NaN,NaN,NaN,NaN,NaN,NaN,NaN,NaN,NaN,NaN,NaN,NaN,NaN,NaN,NaN,NaN,NaN,NaN,NaN,NaN,NaN,NaN,NaN,NaN,NaN,NaN,NaN,NaN,NaN,0.037408,0.079128,0.12582,0.17841,0.23803,0.30616,0.38467,0.47604,0.5836,0.71186,0.86719,1.0588,1.3006,1.6145,2.0368,2.6336,3.5366,5.0538,8.1091,17.315,NaN,NaN,NaN,NaN,NaN,NaN,NaN,NaN,NaN,NaN,NaN,NaN,NaN,NaN,NaN,NaN,NaN,NaN,NaN,NaN,NaN,NaN,NaN,NaN,NaN,NaN
0.29,NaN,NaN,NaN,NaN,NaN,NaN,NaN,NaN,NaN,NaN,NaN,NaN,NaN,NaN,NaN,NaN,NaN,NaN,NaN,NaN,NaN,NaN,NaN,NaN,NaN,NaN,NaN,NaN,NaN,NaN,NaN,NaN,NaN,NaN,NaN,NaN,NaN,NaN,NaN,NaN,NaN,NaN,NaN,NaN,NaN,NaN,NaN,NaN,NaN,NaN,NaN,NaN,NaN,NaN,NaN,0.036028,0.075996,0.12047,0.17023,0.22624,0.28973,0.36221,0.44569,0.54278,0.65693,0.79292,0.95739,1.16,1.4152,1.7456,2.189,2.8132,3.7527,5.3187,8.4275,17.458,331.97,NaN,NaN,NaN,NaN,NaN,NaN,NaN,NaN,NaN,NaN,NaN,NaN,NaN,NaN,NaN,NaN,NaN,NaN,NaN,NaN,NaN,NaN,NaN,NaN
0.3,NaN,NaN,NaN,NaN,NaN,NaN,NaN,NaN,NaN,NaN,NaN,NaN,NaN,NaN,NaN,NaN,NaN,NaN,NaN,NaN,NaN,NaN,NaN,NaN,NaN,NaN,NaN,NaN,NaN,NaN,NaN,NaN,NaN,NaN,NaN,NaN,NaN,NaN,NaN,NaN,NaN,NaN,NaN,NaN,NaN,NaN,NaN,NaN,NaN,NaN,NaN,NaN,NaN,NaN,NaN,0.034745,0.073102,0.11555,0.16277,0.21556,0.27496,0.34222,0.41896,0.50726,0.60982,0.73026,0.87351,1.0465,1.259,1.5261,1.8709,2.3317,2.9768,3.9408,5.5292,8.6181,17.144,143,NaN,NaN,NaN,NaN,NaN,NaN,NaN,NaN,NaN,NaN,NaN,NaN,NaN,NaN,NaN,NaN,NaN,NaN,NaN,NaN,NaN,NaN,NaN
0.31,NaN,NaN,NaN,NaN,NaN,NaN,NaN,NaN,NaN,NaN,NaN,NaN,NaN,NaN,NaN,NaN,NaN,NaN,NaN,NaN,NaN,NaN,NaN,NaN,NaN,NaN,NaN,NaN,NaN,NaN,NaN,NaN,NaN,NaN,NaN,NaN,NaN,NaN,NaN,NaN,NaN,NaN,NaN,NaN,NaN,NaN,NaN,NaN,NaN,NaN,NaN,NaN,NaN,NaN,NaN,0.033551,0.070421,0.11102,0.15593,0.20585,0.26162,0.32432,0.39524,0.47607,0.56896,0.6767,0.80301,0.95295,1.1336,1.355,1.6323,1.9888,2.4628,3.1219,4.0975,5.6816,8.6834,16.475,83.54,NaN,NaN,NaN,NaN,NaN,NaN,NaN,NaN,NaN,NaN,NaN,NaN,NaN,NaN,NaN,NaN,NaN,NaN,NaN,NaN,NaN,NaN
0.32,NaN,NaN,NaN,NaN,NaN,NaN,NaN,NaN,NaN,NaN,NaN,NaN,NaN,NaN,NaN,NaN,NaN,NaN,NaN,NaN,NaN,NaN,NaN,NaN,NaN,NaN,NaN,NaN,NaN,NaN,NaN,NaN,NaN,NaN,NaN,NaN,NaN,NaN,NaN,NaN,NaN,NaN,NaN,NaN,NaN,NaN,NaN,NaN,NaN,NaN,NaN,NaN,NaN,NaN,NaN,0.032436,0.067929,0.10683,0.14964,0.19697,0.24952,0.30818,0.37405,0.44849,0.5332,0.6304,0.74294,0.87461,1.0306,1.2179,1.4468,1.7324,2.0977,2.5805,3.2465,4.2208,5.7756,8.6346,15.567,56.064,NaN,NaN,NaN,NaN,NaN,NaN,NaN,NaN,NaN,NaN,NaN,NaN,NaN,NaN,NaN,NaN,NaN,NaN,NaN,NaN,NaN
0.33,NaN,NaN,NaN,NaN,NaN,NaN,NaN,NaN,NaN,NaN,NaN,NaN,NaN,NaN,NaN,NaN,NaN,NaN,NaN,NaN,NaN,NaN,NaN,NaN,NaN,NaN,NaN,NaN,NaN,NaN,NaN,NaN,NaN,NaN,NaN,NaN,NaN,NaN,NaN,NaN,NaN,NaN,NaN,NaN,NaN,NaN,NaN,NaN,NaN,NaN,NaN,NaN,NaN,NaN,NaN,0.031393,0.065608,0.10295,0.14384,0.18882,0.23848,0.29358,0.35501,0.42391,0.50165,0.58999,0.69116,0.80806,0.94451,1.1057,1.2987,1.5337,1.8254,2.1965,2.6836,3.3491,4.3101,5.8141,8.4893,14.535,40.82,NaN,NaN,NaN,NaN,NaN,NaN,NaN,NaN,NaN,NaN,NaN,NaN,NaN,NaN,NaN,NaN,NaN,NaN,NaN,NaN
0.34,NaN,NaN,NaN,NaN,NaN,NaN,NaN,NaN,NaN,NaN,NaN,NaN,NaN,NaN,NaN,NaN,NaN,NaN,NaN,NaN,NaN,NaN,NaN,NaN,NaN,NaN,NaN,NaN,NaN,NaN,NaN,NaN,NaN,NaN,NaN,NaN,NaN,NaN,NaN,NaN,NaN,NaN,NaN,NaN,NaN,NaN,NaN,NaN,NaN,NaN,NaN,NaN,NaN,NaN,NaN,0.030415,0.06344,0.099335,0.13848,0.18132,0.22838,0.28029,0.33781,0.40187,0.4736,0.55441,0.64607,0.75082,0.87158,1.0122,1.1777,1.3752,1.6147,1.9104,2.2844,2.7711,3.4294,4.3664,5.8019,8.2676,13.463,31.368,NaN,NaN,NaN,NaN,NaN,NaN,NaN,NaN,NaN,NaN,NaN,NaN,NaN,NaN,NaN,NaN,NaN,NaN,NaN
0.35,NaN,NaN,NaN,NaN,NaN,NaN,NaN,NaN,NaN,NaN,NaN,NaN,NaN,NaN,NaN,NaN,NaN,NaN,NaN,NaN,NaN,NaN,NaN,NaN,NaN,NaN,NaN,NaN,NaN,NaN,NaN,NaN,NaN,NaN,NaN,NaN,NaN,NaN,NaN,NaN,NaN,NaN,NaN,NaN,NaN,NaN,NaN,NaN,NaN,NaN,NaN,NaN,NaN,NaN,NaN,0.029496,0.061411,0.095968,0.1335,0.17439,0.21909,0.26815,0.32219,0.382,0.4485,0.52286,0.60646,0.70109,0.809,0.93307,1.0771,1.2461,1.4469,1.6892,1.9869,2.3606,2.8428,3.4877,4.3916,5.7457,7.9901,12.411,25.058,353.55,NaN,NaN,NaN,NaN,NaN,NaN,NaN,NaN,NaN,NaN,NaN,NaN,NaN,NaN,NaN,NaN,NaN
0.36,NaN,NaN,NaN,NaN,NaN,NaN,NaN,NaN,NaN,NaN,NaN,NaN,NaN,NaN,NaN,NaN,NaN,NaN,NaN,NaN,NaN,NaN,NaN,NaN,NaN,NaN,NaN,NaN,NaN,NaN,NaN,NaN,NaN,NaN,NaN,NaN,NaN,NaN,NaN,NaN,NaN,NaN,NaN,NaN,NaN,NaN,NaN,NaN,NaN,NaN,NaN,NaN,NaN,NaN,NaN,0.028631,0.059507,0.092821,0.12886,0.16797,0.21053,0.25701,0.30795,0.364,0.42593,0.49468,0.5714,0.65749,0.75472,0.86531,0.9921,1.1388,1.3103,1.5132,1.7568,2.0542,2.4248,2.8987,3.5248,4.3884,5.6528,7.6753,11.413,20.606,78.497,NaN,NaN,NaN,NaN,NaN,NaN,NaN,NaN,NaN,NaN,NaN,NaN,NaN,NaN,NaN,NaN
0.37,NaN,NaN,NaN,NaN,NaN,NaN,NaN,NaN,NaN,NaN,NaN,NaN,NaN,NaN,NaN,NaN,NaN,NaN,NaN,NaN,NaN,NaN,NaN,NaN,NaN,NaN,NaN,NaN,NaN,NaN,NaN,NaN,NaN,NaN,NaN,NaN,NaN,NaN,NaN,NaN,NaN,NaN,NaN,NaN,NaN,NaN,NaN,NaN,NaN,NaN,NaN,NaN,NaN,NaN,NaN,0.027815,0.057718,0.089874,0.12454,0.16201,0.20262,0.24676,0.29491,0.34761,0.4055,0.46936,0.54014,0.61896,0.70721,0.80663,0.91941,1.0483,1.1969,1.3699,1.5738,1.8171,2.1122,2.4771,2.9392,3.5422,4.3603,5.5308,7.339,10.49,17.333,43.307,NaN,NaN,NaN,NaN,NaN,NaN,NaN,NaN,NaN,NaN,NaN,NaN,NaN,NaN,NaN
0.38,NaN,NaN,NaN,NaN,NaN,NaN,NaN,NaN,NaN,NaN,NaN,NaN,NaN,NaN,NaN,NaN,NaN,NaN,NaN,NaN,NaN,NaN,NaN,NaN,NaN,NaN,NaN,NaN,NaN,NaN,NaN,NaN,NaN,NaN,NaN,NaN,NaN,NaN,NaN,NaN,NaN,NaN,NaN,NaN,NaN,NaN,NaN,NaN,NaN,NaN,NaN,NaN,NaN,NaN,NaN,0.027045,0.056034,0.087109,0.12049,0.15645,0.19527,0.2373,0.28293,0.33263,0.38694,0.4465,0.51211,0.58466,0.66528,0.75534,0.85653,0.97098,1.1013,1.2511,1.4247,1.6282,1.8698,2.1608,2.5177,2.9651,3.5416,4.3108,5.3865,6.9935,9.6479,14.846,29.53,337.62,NaN,NaN,NaN,NaN,NaN,NaN,NaN,NaN,NaN,NaN,NaN,NaN,NaN
0.39,NaN,NaN,NaN,NaN,NaN,NaN,NaN,NaN,NaN,NaN,NaN,NaN,NaN,NaN,NaN,NaN,NaN,NaN,NaN,NaN,NaN,NaN,NaN,NaN,NaN,NaN,NaN,NaN,NaN,NaN,NaN,NaN,NaN,NaN,NaN,NaN,NaN,NaN,NaN,NaN,NaN,NaN,NaN,NaN,NaN,NaN,NaN,NaN,NaN,NaN,NaN,NaN,NaN,NaN,NaN,0.026316,0.054445,0.084508,0.11671,0.15126,0.18844,0.22853,0.27188,0.31888,0.36999,0.42576,0.48682,0.55393,0.628,0.71012,0.80162,0.90415,1.0197,1.151,1.3011,1.4744,1.6765,1.9149,2.2002,2.5471,2.9775,3.5251,4.2436,5.2265,6.649,8.8866,12.907,22.213,66.839,NaN,NaN,NaN,NaN,NaN,NaN,NaN,NaN,NaN,NaN,NaN,NaN
0.4,NaN,NaN,NaN,NaN,NaN,NaN,NaN,NaN,NaN,NaN,NaN,NaN,NaN,NaN,NaN,NaN,NaN,NaN,NaN,NaN,NaN,NaN,NaN,NaN,NaN,NaN,NaN,NaN,NaN,NaN,NaN,NaN,NaN,NaN,NaN,NaN,NaN,NaN,NaN,NaN,NaN,NaN,NaN,NaN,NaN,NaN,NaN,NaN,NaN,NaN,NaN,NaN,NaN,NaN,NaN,0.025625,0.052943,0.082058,0.11315,0.14641,0.18207,0.22039,0.26166,0.30622,0.35446,0.40685,0.4639,0.52626,0.59465,0.66997,0.75327,0.84585,0.94927,1.0655,1.1969,1.3467,1.5188,1.7185,1.9525,2.2306,2.5659,2.9776,3.4947,4.1623,5.0561,6.3119,8.2021,11.361,17.689,36.666,NaN,NaN,NaN,NaN,NaN,NaN,NaN,NaN,NaN,NaN,NaN
0.41,NaN,NaN,NaN,NaN,NaN,NaN,NaN,NaN,NaN,NaN,NaN,NaN,NaN,NaN,NaN,NaN,NaN,NaN,NaN,NaN,NaN,NaN,NaN,NaN,NaN,NaN,NaN,NaN,NaN,NaN,NaN,NaN,NaN,NaN,NaN,NaN,NaN,NaN,NaN,NaN,NaN,NaN,NaN,NaN,NaN,NaN,NaN,NaN,NaN,NaN,NaN,NaN,NaN,NaN,NaN,0.024967,0.051522,0.079747,0.1098,0.14185,0.17612,0.2128,0.25218,0.29452,0.34018,0.38953,0.44303,0.5012,0.56464,0.63408,0.71037,0.79453,0.8878,0.99169,1.108,1.2391,1.3879,1.558,1.7542,1.9828,2.2525,2.5748,2.9666,3.4525,4.07,4.8799,5.9868,7.5882,10.105,14.623,25.076,75.095,NaN,NaN,NaN,NaN,NaN,NaN,NaN,NaN,NaN
0.42,NaN,NaN,NaN,NaN,NaN,NaN,NaN,NaN,NaN,NaN,NaN,NaN,NaN,NaN,NaN,NaN,NaN,NaN,NaN,NaN,NaN,NaN,NaN,NaN,NaN,NaN,NaN,NaN,NaN,NaN,NaN,NaN,NaN,NaN,NaN,NaN,NaN,NaN,NaN,NaN,NaN,NaN,NaN,NaN,NaN,NaN,NaN,NaN,NaN,NaN,NaN,NaN,NaN,NaN,NaN,0.024345,0.050176,0.077561,0.10664,0.13758,0.17054,0.20572,0.24336,0.28368,0.327,0.37363,0.42395,0.47841,0.53749,0.60181,0.67205,0.74903,0.83373,0.92733,1.0313,1.1472,1.2774,1.4245,1.5918,1.7838,2.0061,2.2664,2.5749,2.946,3.4006,3.9696,4.7016,5.6767,7.0383,9.0691,12.416,18.954,37.335,399.33,NaN,NaN,NaN,NaN,NaN,NaN,NaN
0.43,NaN,NaN,NaN,NaN,NaN,NaN,NaN,NaN,NaN,NaN,NaN,NaN,NaN,NaN,NaN,NaN,NaN,NaN,NaN,NaN,NaN,NaN,NaN,NaN,NaN,NaN,NaN,NaN,NaN,NaN,NaN,NaN,NaN,NaN,NaN,NaN,NaN,NaN,NaN,NaN,NaN,NaN,NaN,NaN,NaN,NaN,NaN,NaN,NaN,NaN,NaN,NaN,NaN,NaN,NaN,0.023752,0.048898,0.075493,0.10366,0.13355,0.1653,0.1991,0.23513,0.27361,0.3148,0.35897,0.40644,0.45758,0.51282,0.57264,0.63762,0.70841,0.78581,0.87074,0.96431,1.0679,1.183,1.3117,1.4565,1.6205,1.8076,2.0228,2.2729,2.5669,2.9171,3.3409,3.8637,4.5239,5.3831,6.5453,8.203,10.754,15.175,24.697,59.976,NaN,NaN,NaN,NaN,NaN,NaN
0.44,NaN,NaN,NaN,NaN,NaN,NaN,NaN,NaN,NaN,NaN,NaN,NaN,NaN,NaN,NaN,NaN,NaN,NaN,NaN,NaN,NaN,NaN,NaN,NaN,NaN,NaN,NaN,NaN,NaN,NaN,NaN,NaN,NaN,NaN,NaN,NaN,NaN,NaN,NaN,NaN,NaN,NaN,NaN,NaN,NaN,NaN,NaN,NaN,NaN,NaN,NaN,NaN,NaN,NaN,NaN,0.023188,0.047683,0.073532,0.10085,0.12975,0.16038,0.19289,0.22744,0.26423,0.30348,0.34541,0.39031,0.43849,0.4903,0.54616,0.60652,0.67194,0.74304,0.82058,0.90543,0.99863,1.1014,1.2153,1.3421,1.4842,1.6442,1.8257,2.0333,2.2727,2.5519,2.8811,3.2751,3.7543,4.3492,5.1068,6.103,7.4701,9.4593,12.615,18.377,32.202,110.08,NaN,NaN,NaN,NaN
0.45,NaN,NaN,NaN,NaN,NaN,NaN,NaN,NaN,NaN,NaN,NaN,NaN,NaN,NaN,NaN,NaN,NaN,NaN,NaN,NaN,NaN,NaN,NaN,NaN,NaN,NaN,NaN,NaN,NaN,NaN,NaN,NaN,NaN,NaN,NaN,NaN,NaN,NaN,NaN,NaN,NaN,NaN,NaN,NaN,NaN,NaN,NaN,NaN,NaN,NaN,NaN,NaN,NaN,NaN,NaN,0.02265,0.046528,0.07167,0.098178,0.12616,0.15574,0.18705,0.22024,0.25547,0.29293,0.33284,0.37541,0.42092,0.46966,0.522,0.57829,0.639,0.70465,0.77584,0.85325,0.93773,1.0302,1.1319,1.2442,1.3686,1.5074,1.663,1.8385,2.038,2.2665,2.5307,2.8393,3.2046,3.6431,4.1789,4.8478,5.7054,6.8436,8.4249,10.767,14.588,21.918,41.636,273.91,NaN,NaN
0.46,NaN,NaN,NaN,NaN,NaN,NaN,NaN,NaN,NaN,NaN,NaN,NaN,NaN,NaN,NaN,NaN,NaN,NaN,NaN,NaN,NaN,NaN,NaN,NaN,NaN,NaN,NaN,NaN,NaN,NaN,NaN,NaN,NaN,NaN,NaN,NaN,NaN,NaN,NaN,NaN,NaN,NaN,NaN,NaN,NaN,NaN,NaN,NaN,NaN,NaN,NaN,NaN,NaN,NaN,NaN,0.022137,0.045427,0.0699,0.095647,0.12276,0.15136,0.18156,0.21348,0.24727,0.2831,0.32114,0.3616,0.4047,0.45069,0.49987,0.55256,0.60913,0.67,0.73567,0.80671,0.88375,0.96758,1.0591,1.1593,1.2696,1.3914,1.5265,1.6773,1.8464,2.0375,2.2549,2.5042,2.7929,3.1309,3.5317,4.0142,4.6057,5.3472,6.303,7.5807,9.3731,12.067,16.562,25.556,52.498,NaN
0.47,NaN,NaN,NaN,NaN,NaN,NaN,NaN,NaN,NaN,NaN,NaN,NaN,NaN,NaN,NaN,NaN,NaN,NaN,NaN,NaN,NaN,NaN,NaN,NaN,NaN,NaN,NaN,NaN,NaN,NaN,NaN,NaN,NaN,NaN,NaN,NaN,NaN,NaN,NaN,NaN,NaN,NaN,NaN,NaN,NaN,NaN,NaN,NaN,NaN,NaN,NaN,NaN,NaN,NaN,NaN,0.021646,0.044376,0.068215,0.093243,0.11955,0.14722,0.17638,0.20712,0.23958,0.2739,0.31024,0.34876,0.38967,0.43318,0.47953,0.529,0.5819,0.63857,0.69943,0.76493,0.83559,0.91202,0.99495,1.0852,1.1837,1.2916,1.4104,1.5416,1.6873,1.8498,2.0323,2.2385,2.4732,2.7427,3.055,3.4211,3.8557,4.3798,5.0236,5.8328,6.8795,8.2849,10.269,13.279,18.38,28.889
0.48,NaN,NaN,NaN,NaN,NaN,NaN,NaN,NaN,NaN,NaN,NaN,NaN,NaN,NaN,NaN,NaN,NaN,NaN,NaN,NaN,NaN,NaN,NaN,NaN,NaN,NaN,NaN,NaN,NaN,NaN,NaN,NaN,NaN,NaN,NaN,NaN,NaN,NaN,NaN,NaN,NaN,NaN,NaN,NaN,NaN,NaN,NaN,NaN,NaN,NaN,NaN,NaN,NaN,NaN,NaN,0.021177,0.043374,0.06661,0.090957,0.11649,0.1433,0.17148,0.20113,0.23235,0.26528,0.30005,0.33681,0.37572,0.41697,0.46077,0.50736,0.55698,0.60994,0.66656,0.72722,0.79235,0.86244,0.93805,1.0198,1.1085,1.2051,1.3105,1.4259,1.5529,1.6933,1.8491,2.0229,2.2181,2.4386,2.6897,2.978,3.3122,3.7039,4.1693,4.7306,5.4206,6.2886,7.4127,8.9242,11.063,14.318
0.49,NaN,NaN,NaN,NaN,NaN,NaN,NaN,NaN,NaN,NaN,NaN,NaN,NaN,NaN,NaN,NaN,NaN,NaN,NaN,NaN,NaN,NaN,NaN,NaN,NaN,NaN,NaN,NaN,NaN,NaN,NaN,NaN,NaN,NaN,NaN,NaN,NaN,NaN,NaN,NaN,NaN,NaN,NaN,NaN,NaN,NaN,NaN,NaN,NaN,NaN,NaN,NaN,NaN,NaN,NaN,0.020727,0.042416,0.065078,0.08878,0.11359,0.13959,0.16685,0.19547,0.22555,0.25719,0.29051,0.32564,0.36273,0.40193,0.44342,0.48741,0.5341,0.58374,0.63662,0.69303,0.75333,0.81791,0.88724,0.96182,1.0423,1.1292,1.2236,1.3262,1.4381,1.5608,1.6956,1.8445,2.0098,2.1942,2.401,2.6347,2.9005,3.2056,3.5591,3.9732,4.4646,5.0571,5.7845,6.6985,7.8808,9.4676
0.5,NaN,NaN,NaN,NaN,NaN,NaN,NaN,NaN,NaN,NaN,NaN,NaN,NaN,NaN,NaN,NaN,NaN,NaN,NaN,NaN,NaN,NaN,NaN,NaN,NaN,NaN,NaN,NaN,NaN,NaN,NaN,NaN,NaN,NaN,NaN,NaN,NaN,NaN,NaN,NaN,NaN,NaN,NaN,NaN,NaN,NaN,NaN,NaN,NaN,NaN,NaN,NaN,NaN,NaN,NaN,0.020296,0.041499,0.063616,0.086706,0.11083,0.13606,0.16246,0.19013,0.21913,0.24957,0.28155,0.31519,0.3506,0.38793,0.42733,0.46896,0.51301,0.55969,0.60923,0.66188,0.71793,0.77771,0.84159,0.90998,0.98335,1.0623,1.1473,1.2392,1.3389,1.4472,1.5653,1.6946,1.8367,1.9935,2.1673,2.3611,2.5783,2.8234,3.102,3.4212,3.7906,4.2225,4.7343,5.3499,6.1038,7.0483
0.51,NaN,NaN,NaN,NaN,NaN,NaN,NaN,NaN,NaN,NaN,NaN,NaN,NaN,NaN,NaN,NaN,NaN,NaN,NaN,NaN,NaN,NaN,NaN,NaN,NaN,NaN,NaN,NaN,NaN,NaN,NaN,NaN,NaN,NaN,NaN,NaN,NaN,NaN,NaN,NaN,NaN,NaN,NaN,NaN,NaN,NaN,NaN,NaN,NaN,NaN,NaN,NaN,NaN,NaN,NaN,0.019883,0.040621,0.062217,0.084725,0.1082,0.1327,0.1583,0.18506,0.21306,0.24239,0.27313,0.30538,0.33925,0.37487,0.41235,0.45184,0.49352,0.53753,0.58408,0.63339,0.68569,0.74125,0.80037,0.86338,0.93068,1.0027,1.0799,1.1629,1.2522,1.3488,1.4533,1.5668,1.6905,1.8258,1.9743,2.138,2.3193,2.5211,2.747,3.0015,3.2902,3.6204,4.0016,4.4463,4.9716,5.6011
0.52,NaN,NaN,NaN,NaN,NaN,NaN,NaN,NaN,NaN,NaN,NaN,NaN,NaN,NaN,NaN,NaN,NaN,NaN,NaN,NaN,NaN,NaN,NaN,NaN,NaN,NaN,NaN,NaN,NaN,NaN,NaN,NaN,NaN,NaN,NaN,NaN,NaN,NaN,NaN,NaN,NaN,NaN,NaN,NaN,NaN,NaN,NaN,NaN,NaN,NaN,NaN,NaN,NaN,NaN,NaN,0.019486,0.039779,0.060879,0.082834,0.10569,0.12951,0.15435,0.18026,0.20733,0.23561,0.26519,0.29617,0.32862,0.36265,0.39838,0.43593,0.47544,0.51705,0.56092,0.60723,0.65619,0.70802,0.76295,0.82128,0.8833,0.94936,1.0199,1.0952,1.176,1.2627,1.356,1.4567,1.5656,1.6837,1.8123,1.9528,2.1068,2.2762,2.4636,2.6718,2.9044,3.1659,3.4619,3.7995,4.188,4.6396
0.53,NaN,NaN,NaN,NaN,NaN,NaN,NaN,NaN,NaN,NaN,NaN,NaN,NaN,NaN,NaN,NaN,NaN,NaN,NaN,NaN,NaN,NaN,NaN,NaN,NaN,NaN,NaN,NaN,NaN,NaN,NaN,NaN,NaN,NaN,NaN,NaN,NaN,NaN,NaN,NaN,NaN,NaN,NaN,NaN,NaN,NaN,NaN,NaN,NaN,NaN,NaN,NaN,NaN,NaN,NaN,0.019105,0.038971,0.059597,0.081024,0.1033,0.12647,0.15059,0.17571,0.20189,0.2292,0.25771,0.28749,0.31863,0.35121,0.38533,0.4211,0.45863,0.49806,0.53951,0.58313,0.62911,0.67761,0.72885,0.78305,0.84046,0.90137,0.96608,1.0349,1.1084,1.1868,1.2707,1.3608,1.4575,1.5618,1.6745,1.7966,1.9293,2.0739,2.2323,2.4062,2.5981,2.8109,3.0481,3.314,3.6141,3.9552
0.54,NaN,NaN,NaN,NaN,NaN,NaN,NaN,NaN,NaN,NaN,NaN,NaN,NaN,NaN,NaN,NaN,NaN,NaN,NaN,NaN,NaN,NaN,NaN,NaN,NaN,NaN,NaN,NaN,NaN,NaN,NaN,NaN,NaN,NaN,NaN,NaN,NaN,NaN,NaN,NaN,NaN,NaN,NaN,NaN,NaN,NaN,NaN,NaN,NaN,NaN,NaN,NaN,NaN,NaN,NaN,0.018738,0.038196,0.058368,0.079293,0.10101,0.12356,0.147,0.17137,0.19673,0.22313,0.25063,0.27931,0.30922,0.34046,0.3731,0.40724,0.44297,0.4804,0.51966,0.56086,0.60415,0.64969,0.69764,0.74819,0.80154,0.85794,0.91762,0.98087,1.048,1.1194,1.1954,1.2765,1.3632,1.4561,1.5558,1.6631,1.7789,1.9041,2.0399,2.1878,2.3492,2.5262,2.7211,2.9366,3.176,3.4436
0.55,NaN,NaN,NaN,NaN,NaN,NaN,NaN,NaN,NaN,NaN,NaN,NaN,NaN,NaN,NaN,NaN,NaN,NaN,NaN,NaN,NaN,NaN,NaN,NaN,NaN,NaN,NaN,NaN,NaN,NaN,NaN,NaN,NaN,NaN,NaN,NaN,NaN,NaN,NaN,NaN,NaN,NaN,NaN,NaN,NaN,NaN,NaN,NaN,NaN,NaN,NaN,NaN,NaN,NaN,NaN,0.018385,0.037451,0.057188,0.077633,0.098821,0.12079,0.14359,0.16725,0.19183,0.21737,0.24393,0.27157,0.30036,0.33035,0.36162,0.39425,0.42833,0.46395,0.50121,0.54022,0.58109,0.62396,0.66897,0.71627,0.76604,0.81846,0.87374,0.9321,0.99381,1.0591,1.1284,1.202,1.2802,1.3636,1.4526,1.5478,1.6499,1.7595,1.8776,2.005,2.1431,2.2929,2.4563,2.6348,2.8309,3.047
0.56,NaN,NaN,NaN,NaN,NaN,NaN,NaN,NaN,NaN,NaN,NaN,NaN,NaN,NaN,NaN,NaN,NaN,NaN,NaN,NaN,NaN,NaN,NaN,NaN,NaN,NaN,NaN,NaN,NaN,NaN,NaN,NaN,NaN,NaN,NaN,NaN,NaN,NaN,NaN,NaN,NaN,NaN,NaN,NaN,NaN,NaN,NaN,NaN,NaN,NaN,NaN,NaN,NaN,NaN,NaN,0.018045,0.036734,0.056056,0.076042,0.096725,0.11814,0.14032,0.16332,0.18716,0.2119,0.23758,0.26426,0.29198,0.32082,0.35082,0.38207,0.41463,0.44858,0.48402,0.52103,0.55971,0.60018,0.64254,0.68694,0.73351,0.78242,0.83382,0.8879,0.94488,1.005,1.0684,1.1355,1.2066,1.282,1.362,1.4472,1.538,1.635,1.7387,1.85,1.9695,2.0984,2.2375,2.3883,2.5522,2.7309
0.57,NaN,NaN,NaN,NaN,NaN,NaN,NaN,NaN,NaN,NaN,NaN,NaN,NaN,NaN,NaN,NaN,NaN,NaN,NaN,NaN,NaN,NaN,NaN,NaN,NaN,NaN,NaN,NaN,NaN,NaN,NaN,NaN,NaN,NaN,NaN,NaN,NaN,NaN,NaN,NaN,NaN,NaN,NaN,NaN,NaN,NaN,NaN,NaN,NaN,NaN,NaN,NaN,NaN,NaN,NaN,0.017718,0.036044,0.054967,0.074514,0.094716,0.1156,0.13721,0.15957,0.18272,0.2067,0.23155,0.25732,0.28406,0.31182,0.34065,0.37061,0.40177,0.4342,0.46797,0.50315,0.53984,0.57813,0.61811,0.6599,0.70362,0.74939,0.79735,0.84766,0.90048,0.95601,1.0144,1.076,1.1409,1.2094,1.2819,1.3587,1.4401,1.5266,1.6187,1.7168,1.8216,1.9337,2.0539,2.1832,2.3225,2.4731
0.58,NaN,NaN,NaN,NaN,NaN,NaN,NaN,NaN,NaN,NaN,NaN,NaN,NaN,NaN,NaN,NaN,NaN,NaN,NaN,NaN,NaN,NaN,NaN,NaN,NaN,NaN,NaN,NaN,NaN,NaN,NaN,NaN,NaN,NaN,NaN,NaN,NaN,NaN,NaN,NaN,NaN,NaN,NaN,NaN,NaN,NaN,NaN,NaN,NaN,NaN,NaN,NaN,NaN,NaN,NaN,0.017402,0.03538,0.05392,0.073047,0.092788,0.11317,0.13422,0.15598,0.17848,0.20174,0.22582,0.25074,0.27656,0.30331,0.33105,0.35982,0.38969,0.4207,0.45294,0.48645,0.52132,0.55763,0.59545,0.63489,0.67604,0.71901,0.76391,0.81087,0.86003,0.91154,0.96556,1.0223,1.0819,1.1446,1.2106,1.2803,1.3538,1.4316,1.5139,1.6012,1.6939,1.7926,1.8977,2.01,2.1301,2.2589
0.59,NaN,NaN,NaN,NaN,NaN,NaN,NaN,NaN,NaN,NaN,NaN,NaN,NaN,NaN,NaN,NaN,NaN,NaN,NaN,NaN,NaN,NaN,NaN,NaN,NaN,NaN,NaN,NaN,NaN,NaN,NaN,NaN,NaN,NaN,NaN,NaN,NaN,NaN,NaN,NaN,NaN,NaN,NaN,NaN,NaN,NaN,NaN,NaN,NaN,NaN,NaN,NaN,NaN,NaN,NaN,0.017097,0.03474,0.052912,0.071636,0.090938,0.11084,0.13137,0.15256,0.17443,0.19702,0.22036,0.24449,0.26944,0.29525,0.32197,0.34964,0.3783,0.40801,0.43883,0.47082,0.50402,0.53852,0.57439,0.61169,0.65052,0.69097,0.73313,0.77711,0.82301,0.87098,0.92112,0.9736,1.0286,1.0862,1.1467,1.2102,1.2771,1.3474,1.4216,1.4999,1.5827,1.6703,1.7631,1.8617,1.9666,2.0782
0.6,NaN,NaN,NaN,NaN,NaN,NaN,NaN,NaN,NaN,NaN,NaN,NaN,NaN,NaN,NaN,NaN,NaN,NaN,NaN,NaN,NaN,NaN,NaN,NaN,NaN,NaN,NaN,NaN,NaN,NaN,NaN,NaN,NaN,NaN,NaN,NaN,NaN,NaN,NaN,NaN,NaN,NaN,NaN,NaN,NaN,NaN,NaN,NaN,NaN,NaN,NaN,NaN,NaN,NaN,NaN,0.016803,0.034122,0.051941,0.070279,0.089159,0.1086,0.12863,0.14928,0.17057,0.19252,0.21517,0.23854,0.26268,0.28761,0.31337,0.34001,0.36756,0.39607,0.42558,0.45615,0.48783,0.52068,0.55475,0.59012,0.62685,0.66502,0.70472,0.74602,0.78902,0.83383,0.88055,0.92931,0.98022,1.0334,1.0891,1.1474,1.2085,1.2725,1.3398,1.4105,1.485,1.5634,1.6461,1.7335,1.8259,1.9239
0.61,NaN,NaN,NaN,NaN,NaN,NaN,NaN,NaN,NaN,NaN,NaN,NaN,NaN,NaN,NaN,NaN,NaN,NaN,NaN,NaN,NaN,NaN,NaN,NaN,NaN,NaN,NaN,NaN,NaN,NaN,NaN,NaN,NaN,NaN,NaN,NaN,NaN,NaN,NaN,NaN,NaN,NaN,NaN,NaN,NaN,NaN,NaN,NaN,NaN,NaN,NaN,NaN,NaN,NaN,NaN,0.016519,0.033526,0.051005,0.068973,0.087449,0.10645,0.12601,0.14614,0.16687,0.18821,0.21021,0.23287,0.25625,0.28035,0.30523,0.3309,0.35741,0.3848,0.4131,0.44236,0.47264,0.50397,0.5364,0.57,0.60483,0.64094,0.67841,0.7173,0.7577,0.7997,0.84337,0.88882,0.93616,0.98549,1.0369,1.0906,1.1467,1.2054,1.2668,1.331,1.3984,1.4691,1.5434,1.6215,1.7038,1.7905
0.62,NaN,NaN,NaN,NaN,NaN,NaN,NaN,NaN,NaN,NaN,NaN,NaN,NaN,NaN,NaN,NaN,NaN,NaN,NaN,NaN,NaN,NaN,NaN,NaN,NaN,NaN,NaN,NaN,NaN,NaN,NaN,NaN,NaN,NaN,NaN,NaN,NaN,NaN,NaN,NaN,NaN,NaN,NaN,NaN,NaN,NaN,NaN,NaN,NaN,NaN,NaN,NaN,NaN,NaN,NaN,0.016244,0.032951,0.050102,0.067713,0.085803,0.10439,0.12349,0.14313,0.16332,0.1841,0.20547,0.22747,0.25012,0.27345,0.29749,0.32226,0.3478,0.37415,0.40133,0.42939,0.45836,0.48829,0.51922,0.55121,0.58429,0.61852,0.65397,0.69069,0.72875,0.76822,0.80917,0.85168,0.89584,0.94175,0.98949,1.0392,1.0909,1.1449,1.2012,1.2599,1.3212,1.3854,1.4526,1.5229,1.5966,1.674
0.63,NaN,NaN,NaN,NaN,NaN,NaN,NaN,NaN,NaN,NaN,NaN,NaN,NaN,NaN,NaN,NaN,NaN,NaN,NaN,NaN,NaN,NaN,NaN,NaN,NaN,NaN,NaN,NaN,NaN,NaN,NaN,NaN,NaN,NaN,NaN,NaN,NaN,NaN,NaN,NaN,NaN,NaN,NaN,NaN,NaN,NaN,NaN,NaN,NaN,NaN,NaN,NaN,NaN,NaN,NaN,0.015978,0.032395,0.04923,0.0665,0.084218,0.1024,0.12107,0.14024,0.15993,0.18016,0.20094,0.22231,0.24428,0.26688,0.29013,0.31406,0.3387,0.36407,0.39021,0.41714,0.44491,0.47356,0.5031,0.5336,0.56509,0.59761,0.63122,0.66597,0.70191,0.7391,0.77761,0.81749,0.85882,0.90168,0.94615,0.99231,1.0403,1.0901,1.1419,1.1959,1.252,1.3106,1.3717,1.4354,1.502,1.5716
0.64,NaN,NaN,NaN,NaN,NaN,NaN,NaN,NaN,NaN,NaN,NaN,NaN,NaN,NaN,NaN,NaN,NaN,NaN,NaN,NaN,NaN,NaN,NaN,NaN,NaN,NaN,NaN,NaN,NaN,NaN,NaN,NaN,NaN,NaN,NaN,NaN,NaN,NaN,NaN,NaN,NaN,NaN,NaN,NaN,NaN,NaN,NaN,NaN,NaN,NaN,NaN,NaN,NaN,NaN,NaN,0.015721,0.031857,0.048388,0.065328,0.082691,0.10049,0.11874,0.13747,0.15667,0.17638,0.19661,0.21738,0.23871,0.26062,0.28313,0.30627,0.33006,0.35452,0.37968,0.40558,0.43223,0.45968,0.48795,0.51708,0.5471,0.57806,0.60999,0.64294,0.67696,0.71209,0.74839,0.78591,0.82471,0.86485,0.90639,0.94942,0.99401,1.0402,1.0882,1.1379,1.1896,1.2433,1.2992,1.3573,1.4178,1.4808
0.65,NaN,NaN,NaN,NaN,NaN,NaN,NaN,NaN,NaN,NaN,NaN,NaN,NaN,NaN,NaN,NaN,NaN,NaN,NaN,NaN,NaN,NaN,NaN,NaN,NaN,NaN,NaN,NaN,NaN,NaN,NaN,NaN,NaN,NaN,NaN,NaN,NaN,NaN,NaN,NaN,NaN,NaN,NaN,NaN,NaN,NaN,NaN,NaN,NaN,NaN,NaN,NaN,NaN,NaN,NaN,0.015471,0.031337,0.047575,0.064198,0.081218,0.098648,0.1165,0.1348,0.15354,0.17276,0.19246,0.21266,0.23338,0.25464,0.27646,0.29885,0.32184,0.34545,0.36971,0.39463,0.42025,0.44659,0.47367,0.50154,0.53021,0.55973,0.59013,0.62144,0.65371,0.68697,0.72127,0.75665,0.79317,0.83087,0.86981,0.91005,0.95165,0.99468,1.0392,1.0853,1.133,1.1825,1.2338,1.2871,1.3423,1.3997
0.66,NaN,NaN,NaN,NaN,NaN,NaN,NaN,NaN,NaN,NaN,NaN,NaN,NaN,NaN,NaN,NaN,NaN,NaN,NaN,NaN,NaN,NaN,NaN,NaN,NaN,NaN,NaN,NaN,NaN,NaN,NaN,NaN,NaN,NaN,NaN,NaN,NaN,NaN,NaN,NaN,NaN,NaN,NaN,NaN,NaN,NaN,NaN,NaN,NaN,NaN,NaN,NaN,NaN,NaN,NaN,0.01523,0.030834,0.046788,0.063106,0.079796,0.096872,0.11435,0.13223,0.15054,0.16928,0.18848,0.20814,0.22829,0.24893,0.27009,0.29178,0.31403,0.33684,0.36024,0.38426,0.40891,0.43421,0.46021,0.4869,0.51433,0.54253,0.57151,0.60132,0.63199,0.66354,0.69603,0.72948,0.76393,0.79944,0.83604,0.87378,0.91272,0.9529,0.99439,1.0372,1.0815,1.1273,1.1747,1.2237,1.2744,1.327
0.67,NaN,NaN,NaN,NaN,NaN,NaN,NaN,NaN,NaN,NaN,NaN,NaN,NaN,NaN,NaN,NaN,NaN,NaN,NaN,NaN,NaN,NaN,NaN,NaN,NaN,NaN,NaN,NaN,NaN,NaN,NaN,NaN,NaN,NaN,NaN,NaN,NaN,NaN,NaN,NaN,NaN,NaN,NaN,NaN,NaN,NaN,NaN,NaN,NaN,NaN,NaN,NaN,NaN,NaN,NaN,0.014996,0.030346,0.046028,0.06205,0.078424,0.095159,0.11227,0.12976,0.14765,0.16595,0.18466,0.20381,0.22341,0.24347,0.26401,0.28504,0.30658,0.32864,0.35125,0.37441,0.39816,0.42251,0.44748,0.47309,0.49937,0.52634,0.55403,0.58246,0.61165,0.64165,0.67248,0.70417,0.73675,0.77027,0.80476,0.84026,0.87681,0.91445,0.95324,0.99322,1.0344,1.077,1.1208,1.1662,1.2129,1.2613
0.68,NaN,NaN,NaN,NaN,NaN,NaN,NaN,NaN,NaN,NaN,NaN,NaN,NaN,NaN,NaN,NaN,NaN,NaN,NaN,NaN,NaN,NaN,NaN,NaN,NaN,NaN,NaN,NaN,NaN,NaN,NaN,NaN,NaN,NaN,NaN,NaN,NaN,NaN,NaN,NaN,NaN,NaN,NaN,NaN,NaN,NaN,NaN,NaN,NaN,NaN,NaN,NaN,NaN,NaN,NaN,0.014769,0.029874,0.045291,0.061029,0.077097,0.093506,0.11026,0.12738,0.14487,0.16274,0.181,0.19966,0.21874,0.23825,0.2582,0.2786,0.29948,0.32083,0.34269,0.36506,0.38796,0.41141,0.43543,0.46004,0.48525,0.51109,0.53757,0.56473,0.59258,0.62115,0.65046,0.68054,0.71143,0.74314,0.77572,0.80919,0.84359,0.87895,0.91532,0.95273,0.99123,1.0309,1.0717,1.1137,1.157,1.2017
0.69,NaN,NaN,NaN,NaN,NaN,NaN,NaN,NaN,NaN,NaN,NaN,NaN,NaN,NaN,NaN,NaN,NaN,NaN,NaN,NaN,NaN,NaN,NaN,NaN,NaN,NaN,NaN,NaN,NaN,NaN,NaN,NaN,NaN,NaN,NaN,NaN,NaN,NaN,NaN,NaN,NaN,NaN,NaN,NaN,NaN,NaN,NaN,NaN,NaN,NaN,NaN,NaN,NaN,NaN,NaN,0.014549,0.029416,0.044578,0.060041,0.075815,0.091908,0.10833,0.12509,0.14219,0.15965,0.17747,0.19567,0.21426,0.23324,0.25264,0.27245,0.29269,0.31339,0.33454,0.35616,0.37827,0.40089,0.42402,0.44768,0.4719,0.49669,0.52206,0.54804,0.57465,0.6019,0.62982,0.65844,0.68777,0.71784,0.74868,0.78031,0.81277,0.84608,0.88027,0.91538,0.95145,0.9885,1.0266,1.0657,1.106,1.1474
0.7,NaN,NaN,NaN,NaN,NaN,NaN,NaN,NaN,NaN,NaN,NaN,NaN,NaN,NaN,NaN,NaN,NaN,NaN,NaN,NaN,NaN,NaN,NaN,NaN,NaN,NaN,NaN,NaN,NaN,NaN,NaN,NaN,NaN,NaN,NaN,NaN,NaN,NaN,NaN,NaN,NaN,NaN,NaN,NaN,NaN,NaN,NaN,NaN,NaN,NaN,NaN,NaN,NaN,NaN,NaN,0.014336,0.028972,0.043886,0.059085,0.074575,0.090365,0.10646,0.12287,0.13961,0.15668,0.17408,0.19184,0.20996,0.22844,0.24731,0.26656,0.28621,0.30628,0.32676,0.34768,0.36905,0.39088,0.41318,0.43597,0.45926,0.48307,0.50741,0.5323,0.55776,0.5838,0.61045,0.63771,0.66562,0.69419,0.72344,0.7534,0.7841,0.81555,0.84778,0.88082,0.9147,0.94945,0.98509,1.0217,1.0592,1.0978
0.71,NaN,NaN,NaN,NaN,NaN,NaN,NaN,NaN,NaN,NaN,NaN,NaN,NaN,NaN,NaN,NaN,NaN,NaN,NaN,NaN,NaN,NaN,NaN,NaN,NaN,NaN,NaN,NaN,NaN,NaN,NaN,NaN,NaN,NaN,NaN,NaN,NaN,NaN,NaN,NaN,NaN,NaN,NaN,NaN,NaN,NaN,NaN,NaN,NaN,NaN,NaN,NaN,NaN,NaN,NaN,0.014128,0.028542,0.043216,0.058158,0.073375,0.088872,0.10466,0.12074,0.13712,0.15381,0.17082,0.18816,0.20582,0.22384,0.2422,0.26092,0.28001,0.29948,0.31934,0.3396,0.36027,0.38136,0.40288,0.42485,0.44728,0.47018,0.49356,0.51744,0.54183,0.56675,0.59222,0.61824,0.64484,0.67203,0.69984,0.72827,0.75736,0.78712,0.81757,0.84874,0.88065,0.91332,0.94678,0.98106,1.0162,1.0522
0.72,NaN,NaN,NaN,NaN,NaN,NaN,NaN,NaN,NaN,NaN,NaN,NaN,NaN,NaN,NaN,NaN,NaN,NaN,NaN,NaN,NaN,NaN,NaN,NaN,NaN,NaN,NaN,NaN,NaN,NaN,NaN,NaN,NaN,NaN,NaN,NaN,NaN,NaN,NaN,NaN,NaN,NaN,NaN,NaN,NaN,NaN,NaN,NaN,NaN,NaN,NaN,NaN,NaN,NaN,NaN,0.013927,0.028123,0.042566,0.057261,0.072213,0.087428,0.10291,0.11867,0.13472,0.15105,0.16768,0.18461,0.20185,0.21941,0.23729,0.25551,0.27407,0.29298,0.31224,0.33188,0.35189,0.37229,0.39308,0.41428,0.4359,0.45795,0.48044,0.50338,0.52678,0.55067,0.57504,0.59991,0.62531,0.65123,0.67771,0.70475,0.73237,0.76059,0.78942,0.81889,0.84902,0.87981,0.91131,0.94352,0.97647,1.0102
0.73,NaN,NaN,NaN,NaN,NaN,NaN,NaN,NaN,NaN,NaN,NaN,NaN,NaN,NaN,NaN,NaN,NaN,NaN,NaN,NaN,NaN,NaN,NaN,NaN,NaN,NaN,NaN,NaN,NaN,NaN,NaN,NaN,NaN,NaN,NaN,NaN,NaN,NaN,NaN,NaN,NaN,NaN,NaN,NaN,NaN,NaN,NaN,NaN,NaN,NaN,NaN,NaN,NaN,NaN,NaN,0.013731,0.027717,0.041935,0.05639,0.071087,0.08603,0.10123,0.11668,0.1324,0.14839,0.16465,0.18119,0.19803,0.21516,0.23259,0.25032,0.26838,0.28675,0.30546,0.3245,0.34389,0.36364,0.38375,0.40423,0.42509,0.44634,0.468,0.49006,0.51254,0.53546,0.55882,0.58263,0.60692,0.63168,0.65693,0.68269,0.70896,0.73577,0.76313,0.79105,0.81955,0.84865,0.87836,0.90871,0.9397,0.97136
0.74,NaN,NaN,NaN,NaN,NaN,NaN,NaN,NaN,NaN,NaN,NaN,NaN,NaN,NaN,NaN,NaN,NaN,NaN,NaN,NaN,NaN,NaN,NaN,NaN,NaN,NaN,NaN,NaN,NaN,NaN,NaN,NaN,NaN,NaN,NaN,NaN,NaN,NaN,NaN,NaN,NaN,NaN,NaN,NaN,NaN,NaN,NaN,NaN,NaN,NaN,NaN,NaN,NaN,NaN,NaN,0.01354,0.027323,0.041323,0.055546,0.069995,0.084676,0.099593,0.11475,0.13016,0.14581,0.16173,0.1779,0.19435,0.21106,0.22806,0.24534,0.26291,0.28078,0.29896,0.31745,0.33625,0.35538,0.37484,0.39464,0.41479,0.4353,0.45618,0.47742,0.49905,0.52107,0.54349,0.56632,0.58957,0.61325,0.63737,0.66195,0.68699,0.71251,0.73852,0.76502,0.79205,0.8196,0.84769,0.87635,0.90557,0.93539
0.75,NaN,NaN,NaN,NaN,NaN,NaN,NaN,NaN,NaN,NaN,NaN,NaN,NaN,NaN,NaN,NaN,NaN,NaN,NaN,NaN,NaN,NaN,NaN,NaN,NaN,NaN,NaN,NaN,NaN,NaN,NaN,NaN,NaN,NaN,NaN,NaN,NaN,NaN,NaN,NaN,NaN,NaN,NaN,NaN,NaN,NaN,NaN,NaN,NaN,NaN,NaN,NaN,NaN,NaN,NaN,0.013355,0.026939,0.040728,0.054726,0.068937,0.083364,0.098013,0.11289,0.12799,0.14333,0.15891,0.17473,0.1908,0.20712,0.22371,0.24055,0.25767,0.27506,0.29273,0.31069,0.32894,0.34749,0.36634,0.3855,0.40499,0.42479,0.44493,0.46541,0.48624,0.50742,0.52897,0.55088,0.57318,0.59586,0.61894,0.64243,0.66633,0.69066,0.71542,0.74064,0.76631,0.79245,0.81907,0.84619,0.87381,0.90195
0.76,NaN,NaN,NaN,NaN,NaN,NaN,NaN,NaN,NaN,NaN,NaN,NaN,NaN,NaN,NaN,NaN,NaN,NaN,NaN,NaN,NaN,NaN,NaN,NaN,NaN,NaN,NaN,NaN,NaN,NaN,NaN,NaN,NaN,NaN,NaN,NaN,NaN,NaN,NaN,NaN,NaN,NaN,NaN,NaN,NaN,NaN,NaN,NaN,NaN,NaN,NaN,NaN,NaN,NaN,NaN,0.013175,0.026567,0.04015,0.05393,0.06791,0.082092,0.096481,0.11108,0.12589,0.14093,0.15618,0.17167,0.18738,0.20333,0.21952,0.23595,0.25263,0.26956,0.28675,0.30421,0.32194,0.33993,0.35821,0.37677,0.39563,0.41478,0.43423,0.45399,0.47407,0.49447,0.5152,0.53626,0.55766,0.57942,0.60153,0.62401,0.64686,0.6701,0.69372,0.71774,0.74217,0.76702,0.7923,0.81801,0.84417,0.87079
0.77,NaN,NaN,NaN,NaN,NaN,NaN,NaN,NaN,NaN,NaN,NaN,NaN,NaN,NaN,NaN,NaN,NaN,NaN,NaN,NaN,NaN,NaN,NaN,NaN,NaN,NaN,NaN,NaN,NaN,NaN,NaN,NaN,NaN,NaN,NaN,NaN,NaN,NaN,NaN,NaN,NaN,NaN,NaN,NaN,NaN,NaN,NaN,NaN,NaN,NaN,NaN,NaN,NaN,NaN,NaN,0.012999,0.026204,0.039589,0.053157,0.066913,0.080858,0.094997,0.10933,0.12387,0.13861,0.15355,0.16871,0.18408,0.19967,0.21548,0.23151,0.24778,0.26428,0.28102,0.298,0.31522,0.3327,0.35044,0.36843,0.38669,0.40522,0.42403,0.44312,0.46249,0.48216,0.50212,0.52239,0.54296,0.56386,0.58507,0.60661,0.62849,0.65071,0.67328,0.69621,0.7195,0.74316,0.7672,0.79163,0.81646,0.84169
0.78,NaN,NaN,NaN,NaN,NaN,NaN,NaN,NaN,NaN,NaN,NaN,NaN,NaN,NaN,NaN,NaN,NaN,NaN,NaN,NaN,NaN,NaN,NaN,NaN,NaN,NaN,NaN,NaN,NaN,NaN,NaN,NaN,NaN,NaN,NaN,NaN,NaN,NaN,NaN,NaN,NaN,NaN,NaN,NaN,NaN,NaN,NaN,NaN,NaN,NaN,NaN,NaN,NaN,NaN,NaN,0.012829,0.025851,0.039043,0.052406,0.065945,0.079661,0.093558,0.10764,0.1219,0.13636,0.15101,0.16585,0.18089,0.19614,0.21159,0.22725,0.24311,0.2592,0.2755,0.29203,0.30879,0.32577,0.34299,0.36045,0.37815,0.39609,0.41429,0.43275,0.45146,0.47044,0.48969,0.50921,0.52902,0.5491,0.56948,0.59016,0.61113,0.63241,0.65401,0.67592,0.69816,0.72073,0.74364,0.76689,0.79049,0.81445
0.79,NaN,NaN,NaN,NaN,NaN,NaN,NaN,NaN,NaN,NaN,NaN,NaN,NaN,NaN,NaN,NaN,NaN,NaN,NaN,NaN,NaN,NaN,NaN,NaN,NaN,NaN,NaN,NaN,NaN,NaN,NaN,NaN,NaN,NaN,NaN,NaN,NaN,NaN,NaN,NaN,NaN,NaN,NaN,NaN,NaN,NaN,NaN,NaN,NaN,NaN,NaN,NaN,NaN,NaN,NaN,0.012662,0.025508,0.038511,0.051676,0.065005,0.078499,0.092161,0.10599,0.12,0.13418,0.14855,0.16309,0.17782,0.19273,0.20783,0.22313,0.23862,0.25431,0.2702,0.2863,0.30261,0.31912,0.33585,0.3528,0.36997,0.38737,0.40499,0.42285,0.44094,0.45928,0.47785,0.49668,0.51576,0.5351,0.55469,0.57456,0.59469,0.6151,0.63579,0.65677,0.67803,0.6996,0.72146,0.74363,0.76611,0.78891
0.8,NaN,NaN,NaN,NaN,NaN,NaN,NaN,NaN,NaN,NaN,NaN,NaN,NaN,NaN,NaN,NaN,NaN,NaN,NaN,NaN,NaN,NaN,NaN,NaN,NaN,NaN,NaN,NaN,NaN,NaN,NaN,NaN,NaN,NaN,NaN,NaN,NaN,NaN,NaN,NaN,NaN,NaN,NaN,NaN,NaN,NaN,NaN,NaN,NaN,NaN,NaN,NaN,NaN,NaN,NaN,0.0125,0.025173,0.037994,0.050966,0.064091,0.07737,0.090806,0.1044,0.11816,0.13208,0.14616,0.16042,0.17484,0.18944,0.20421,0.21916,0.23429,0.2496,0.2651,0.28079,0.29667,0.31274,0.329,0.34547,0.36214,0.37901,0.3961,0.41339,0.4309,0.44863,0.46657,0.48475,0.50315,0.52178,0.54065,0.55976,0.57911,0.59871,0.61856,0.63866,0.65903,0.67966,0.70055,0.72172,0.74317,0.7649
0.81,NaN,NaN,NaN,NaN,NaN,NaN,NaN,NaN,NaN,NaN,NaN,NaN,NaN,NaN,NaN,NaN,NaN,NaN,NaN,NaN,NaN,NaN,NaN,NaN,NaN,NaN,NaN,NaN,NaN,NaN,NaN,NaN,NaN,NaN,NaN,NaN,NaN,NaN,NaN,NaN,NaN,NaN,NaN,NaN,NaN,NaN,NaN,NaN,NaN,NaN,NaN,NaN,NaN,NaN,NaN,0.012342,0.024847,0.037491,0.050275,0.063202,0.076273,0.08949,0.10285,0.11637,0.13004,0.14386,0.15783,0.17196,0.18626,0.20071,0.21533,0.23011,0.24507,0.26019,0.27548,0.29096,0.3066,0.32243,0.33844,0.35463,0.37101,0.38758,0.40434,0.4213,0.43846,0.45581,0.47337,0.49114,0.50911,0.5273,0.5457,0.56432,0.58316,0.60223,0.62152,0.64105,0.66081,0.68082,0.70106,0.72155,0.74229
0.82,NaN,NaN,NaN,NaN,NaN,NaN,NaN,NaN,NaN,NaN,NaN,NaN,NaN,NaN,NaN,NaN,NaN,NaN,NaN,NaN,NaN,NaN,NaN,NaN,NaN,NaN,NaN,NaN,NaN,NaN,NaN,NaN,NaN,NaN,NaN,NaN,NaN,NaN,NaN,NaN,NaN,NaN,NaN,NaN,NaN,NaN,NaN,NaN,NaN,NaN,NaN,NaN,NaN,NaN,NaN,0.012188,0.02453,0.037001,0.049603,0.062338,0.075207,0.088211,0.10135,0.11463,0.12805,0.14162,0.15533,0.16918,0.18318,0.19733,0.21163,0.22608,0.24069,0.25546,0.27038,0.28546,0.3007,0.31611,0.33169,0.34743,0.36334,0.37942,0.39568,0.41212,0.42874,0.44553,0.46251,0.47968,0.49704,0.51458,0.53232,0.55026,0.56839,0.58673,0.60527,0.62402,0.64298,0.66215,0.68154,0.70114,0.72097
0.83,NaN,NaN,NaN,NaN,NaN,NaN,NaN,NaN,NaN,NaN,NaN,NaN,NaN,NaN,NaN,NaN,NaN,NaN,NaN,NaN,NaN,NaN,NaN,NaN,NaN,NaN,NaN,NaN,NaN,NaN,NaN,NaN,NaN,NaN,NaN,NaN,NaN,NaN,NaN,NaN,NaN,NaN,NaN,NaN,NaN,NaN,NaN,NaN,NaN,NaN,NaN,NaN,NaN,NaN,NaN,0.012038,0.02422,0.036523,0.048948,0.061497,0.07417,0.086969,0.099895,0.11295,0.12613,0.13945,0.1529,0.16649,0.18021,0.19406,0.20806,0.22219,0.23647,0.25089,0.26545,0.28017,0.29503,0.31003,0.3252,0.34051,0.35598,0.3716,0.38738,0.40333,0.41943,0.4357,0.45214,0.46874,0.48552,0.50246,0.51958,0.53688,0.55435,0.57201,0.58984,0.60786,0.62607,0.64447,0.66306,0.68185,0.70083
0.84,NaN,NaN,NaN,NaN,NaN,NaN,NaN,NaN,NaN,NaN,NaN,NaN,NaN,NaN,NaN,NaN,NaN,NaN,NaN,NaN,NaN,NaN,NaN,NaN,NaN,NaN,NaN,NaN,NaN,NaN,NaN,NaN,NaN,NaN,NaN,NaN,NaN,NaN,NaN,NaN,NaN,NaN,NaN,NaN,NaN,NaN,NaN,NaN,NaN,NaN,NaN,NaN,NaN,NaN,NaN,0.011891,0.023918,0.036058,0.048311,0.060678,0.073161,0.085761,0.098478,0.11131,0.12427,0.13735,0.15055,0.16387,0.17732,0.1909,0.2046,0.21843,0.23239,0.24648,0.26071,0.27507,0.28956,0.30419,0.31895,0.33386,0.34891,0.36409,0.37943,0.3949,0.41053,0.4263,0.44222,0.45829,0.47452,0.4909,0.50743,0.52413,0.54098,0.558,0.57517,0.59252,0.61003,0.62771,0.64556,0.66358,0.68178
0.85,NaN,NaN,NaN,NaN,NaN,NaN,NaN,NaN,NaN,NaN,NaN,NaN,NaN,NaN,NaN,NaN,NaN,NaN,NaN,NaN,NaN,NaN,NaN,NaN,NaN,NaN,NaN,NaN,NaN,NaN,NaN,NaN,NaN,NaN,NaN,NaN,NaN,NaN,NaN,NaN,NaN,NaN,NaN,NaN,NaN,NaN,NaN,NaN,NaN,NaN,NaN,NaN,NaN,NaN,NaN,0.011748,0.023624,0.035604,0.04769,0.059881,0.07218,0.084586,0.097101,0.10973,0.12246,0.13531,0.14827,0.16134,0.17453,0.18784,0.20126,0.2148,0.22845,0.24223,0.25613,0.27015,0.28429,0.29856,0.31295,0.32746,0.34211,0.35688,0.37179,0.38682,0.40199,0.41729,0.43272,0.44829,0.464,0.47985,0.49584,0.51196,0.52824,0.54465,0.56121,0.57792,0.59478,0.61178,0.62894,0.64625,0.66372
0.86,NaN,NaN,NaN,NaN,NaN,NaN,NaN,NaN,NaN,NaN,NaN,NaN,NaN,NaN,NaN,NaN,NaN,NaN,NaN,NaN,NaN,NaN,NaN,NaN,NaN,NaN,NaN,NaN,NaN,NaN,NaN,NaN,NaN,NaN,NaN,NaN,NaN,NaN,NaN,NaN,NaN,NaN,NaN,NaN,NaN,NaN,NaN,NaN,NaN,NaN,NaN,NaN,NaN,NaN,NaN,0.011608,0.023337,0.035162,0.047084,0.059105,0.071224,0.083443,0.095762,0.10818,0.1207,0.13333,0.14606,0.15889,0.17183,0.18487,0.19802,0.21128,0.22465,0.23812,0.25171,0.2654,0.27921,0.29313,0.30716,0.32131,0.33557,0.34995,0.36445,0.37906,0.39379,0.40865,0.42362,0.43872,0.45394,0.46928,0.48475,0.50035,0.51607,0.53193,0.54791,0.56402,0.58027,0.59664,0.61316,0.6298,0.64659
0.87,NaN,NaN,NaN,NaN,NaN,NaN,NaN,NaN,NaN,NaN,NaN,NaN,NaN,NaN,NaN,NaN,NaN,NaN,NaN,NaN,NaN,NaN,NaN,NaN,NaN,NaN,NaN,NaN,NaN,NaN,NaN,NaN,NaN,NaN,NaN,NaN,NaN,NaN,NaN,NaN,NaN,NaN,NaN,NaN,NaN,NaN,NaN,NaN,NaN,NaN,NaN,NaN,NaN,NaN,NaN,0.011472,0.023057,0.03473,0.046494,0.058348,0.070293,0.08233,0.094459,0.10668,0.119,0.13141,0.14391,0.15651,0.16921,0.182,0.19489,0.20788,0.22096,0.23415,0.24743,0.26082,0.2743,0.28789,0.30158,0.31538,0.32928,0.34328,0.35739,0.37161,0.38593,0.40036,0.4149,0.42955,0.4443,0.45917,0.47415,0.48925,0.50446,0.51978,0.53522,0.55077,0.56644,0.58223,0.59814,0.61416,0.63031
0.88,NaN,NaN,NaN,NaN,NaN,NaN,NaN,NaN,NaN,NaN,NaN,NaN,NaN,NaN,NaN,NaN,NaN,NaN,NaN,NaN,NaN,NaN,NaN,NaN,NaN,NaN,NaN,NaN,NaN,NaN,NaN,NaN,NaN,NaN,NaN,NaN,NaN,NaN,NaN,NaN,NaN,NaN,NaN,NaN,NaN,NaN,NaN,NaN,NaN,NaN,NaN,NaN,NaN,NaN,NaN,0.011339,0.022783,0.034309,0.045918,0.057611,0.069387,0.081247,0.093191,0.10522,0.11734,0.12954,0.14183,0.1542,0.16666,0.17921,0.19185,0.20458,0.2174,0.2303,0.2433,0.25639,0.26957,0.28284,0.29621,0.30966,0.32322,0.33686,0.3506,0.36444,0.37837,0.3924,0.40652,0.42074,0.43507,0.44949,0.46401,0.47863,0.49335,0.50817,0.52309,0.53812,0.55325,0.56849,0.58383,0.59928,0.61483
0.89,NaN,NaN,NaN,NaN,NaN,NaN,NaN,NaN,NaN,NaN,NaN,NaN,NaN,NaN,NaN,NaN,NaN,NaN,NaN,NaN,NaN,NaN,NaN,NaN,NaN,NaN,NaN,NaN,NaN,NaN,NaN,NaN,NaN,NaN,NaN,NaN,NaN,NaN,NaN,NaN,NaN,NaN,NaN,NaN,NaN,NaN,NaN,NaN,NaN,NaN,NaN,NaN,NaN,NaN,NaN,0.011208,0.022516,0.033898,0.045357,0.056892,0.068503,0.080192,0.091957,0.1038,0.11572,0.12772,0.1398,0.15196,0.1642,0.17651,0.18891,0.20139,0.21395,0.22659,0.23931,0.25211,0.265,0.27797,0.29102,0.30415,0.31737,0.33068,0.34406,0.35754,0.3711,0.38474,0.39847,0.41229,0.4262,0.4402,0.45428,0.46845,0.48271,0.49706,0.51151,0.52604,0.54066,0.55538,0.57019,0.58509,0.60008
0.9,NaN,NaN,NaN,NaN,NaN,NaN,NaN,NaN,NaN,NaN,NaN,NaN,NaN,NaN,NaN,NaN,NaN,NaN,NaN,NaN,NaN,NaN,NaN,NaN,NaN,NaN,NaN,NaN,NaN,NaN,NaN,NaN,NaN,NaN,NaN,NaN,NaN,NaN,NaN,NaN,NaN,NaN,NaN,NaN,NaN,NaN,NaN,NaN,NaN,NaN,NaN,NaN,NaN,NaN,NaN,0.011081,0.022255,0.033497,0.044809,0.05619,0.067642,0.079163,0.090755,0.10242,0.11415,0.12595,0.13783,0.14978,0.1618,0.17389,0.18606,0.19829,0.2106,0.22298,0.23544,0.24797,0.26057,0.27325,0.286,0.29883,0.31173,0.32471,0.33776,0.35089,0.3641,0.37738,0.39074,0.40417,0.41769,0.43128,0.44495,0.4587,0.47253,0.48643,0.50042,0.51448,0.52863,0.54285,0.55716,0.57155,0.58602
0.91,NaN,NaN,NaN,NaN,NaN,NaN,NaN,NaN,NaN,NaN,NaN,NaN,NaN,NaN,NaN,NaN,NaN,NaN,NaN,NaN,NaN,NaN,NaN,NaN,NaN,NaN,NaN,NaN,NaN,NaN,NaN,NaN,NaN,NaN,NaN,NaN,NaN,NaN,NaN,NaN,NaN,NaN,NaN,NaN,NaN,NaN,NaN,NaN,NaN,NaN,NaN,NaN,NaN,NaN,NaN,0.010957,0.022,0.033105,0.044274,0.055506,0.066802,0.078161,0.089584,0.10107,0.11262,0.12424,0.13592,0.14766,0.15947,0.17135,0.18329,0.19529,0.20736,0.2195,0.2317,0.24396,0.2563,0.2687,0.28116,0.29369,0.30629,0.31896,0.33169,0.34449,0.35736,0.37029,0.3833,0.39637,0.40951,0.42272,0.436,0.44934,0.46276,0.47624,0.4898,0.50342,0.51711,0.53088,0.54472,0.55862,0.5726
0.92,NaN,NaN,NaN,NaN,NaN,NaN,NaN,NaN,NaN,NaN,NaN,NaN,NaN,NaN,NaN,NaN,NaN,NaN,NaN,NaN,NaN,NaN,NaN,NaN,NaN,NaN,NaN,NaN,NaN,NaN,NaN,NaN,NaN,NaN,NaN,NaN,NaN,NaN,NaN,NaN,NaN,NaN,NaN,NaN,NaN,NaN,NaN,NaN,NaN,NaN,NaN,NaN,NaN,NaN,NaN,0.010835,0.02175,0.032722,0.043752,0.054838,0.065983,0.077184,0.088443,0.09976,0.11113,0.12257,0.13406,0.14561,0.15721,0.16888,0.1806,0.19238,0.20422,0.21612,0.22807,0.24009,0.25216,0.26429,0.27648,0.28873,0.30104,0.31341,0.32583,0.33832,0.35086,0.36347,0.37613,0.38886,0.40164,0.41449,0.42739,0.44036,0.45338,0.46647,0.47961,0.49282,0.50609,0.51942,0.53281,0.54626,0.55977
0.93,NaN,NaN,NaN,NaN,NaN,NaN,NaN,NaN,NaN,NaN,NaN,NaN,NaN,NaN,NaN,NaN,NaN,NaN,NaN,NaN,NaN,NaN,NaN,NaN,NaN,NaN,NaN,NaN,NaN,NaN,NaN,NaN,NaN,NaN,NaN,NaN,NaN,NaN,NaN,NaN,NaN,NaN,NaN,NaN,NaN,NaN,NaN,NaN,NaN,NaN,NaN,NaN,NaN,NaN,NaN,0.010716,0.021507,0.032348,0.043242,0.054187,0.065183,0.076231,0.087331,0.098482,0.10968,0.12094,0.13225,0.1436,0.15501,0.16647,0.17799,0.18955,0.20117,0.21284,0.22456,0.23633,0.24815,0.26003,0.27195,0.28393,0.29596,0.30804,0.32018,0.33236,0.3446,0.35689,0.36923,0.38162,0.39407,0.40657,0.41912,0.43172,0.44438,0.45708,0.46984,0.48266,0.49552,0.50844,0.52141,0.53443,0.54751
0.94,NaN,NaN,NaN,NaN,NaN,NaN,NaN,NaN,NaN,NaN,NaN,NaN,NaN,NaN,NaN,NaN,NaN,NaN,NaN,NaN,NaN,NaN,NaN,NaN,NaN,NaN,NaN,NaN,NaN,NaN,NaN,NaN,NaN,NaN,NaN,NaN,NaN,NaN,NaN,NaN,NaN,NaN,NaN,NaN,NaN,NaN,NaN,NaN,NaN,NaN,NaN,NaN,NaN,NaN,NaN,0.0106,0.021268,0.031983,0.042743,0.05355,0.064403,0.075301,0.086246,0.097236,0.10827,0.11935,0.13048,0.14166,0.15288,0.16414,0.17545,0.18681,0.19821,0.20966,0.22115,0.23268,0.24427,0.2559,0.26757,0.27929,0.29105,0.30286,0.31471,0.32661,0.33855,0.35054,0.36258,0.37465,0.38678,0.39894,0.41116,0.42342,0.43572,0.44807,0.46046,0.4729,0.48538,0.49791,0.51048,0.5231,0.53576
0.95,NaN,NaN,NaN,NaN,NaN,NaN,NaN,NaN,NaN,NaN,NaN,NaN,NaN,NaN,NaN,NaN,NaN,NaN,NaN,NaN,NaN,NaN,NaN,NaN,NaN,NaN,NaN,NaN,NaN,NaN,NaN,NaN,NaN,NaN,NaN,NaN,NaN,NaN,NaN,NaN,NaN,NaN,NaN,NaN,NaN,NaN,NaN,NaN,NaN,NaN,NaN,NaN,NaN,NaN,NaN,0.010486,0.021035,0.031625,0.042256,0.052928,0.063641,0.074394,0.085188,0.096022,0.1069,0.11781,0.12877,0.13976,0.1508,0.16187,0.17299,0.18414,0.19533,0.20657,0.21784,0.22915,0.2405,0.25189,0.26332,0.27479,0.2863,0.29785,0.30943,0.32105,0.33272,0.34442,0.35616,0.36793,0.37975,0.3916,0.40349,0.41543,0.42739,0.4394,0.45145,0.46353,0.47565,0.48781,0.5,0.51224,0.52451
0.96,NaN,NaN,NaN,NaN,NaN,NaN,NaN,NaN,NaN,NaN,NaN,NaN,NaN,NaN,NaN,NaN,NaN,NaN,NaN,NaN,NaN,NaN,NaN,NaN,NaN,NaN,NaN,NaN,NaN,NaN,NaN,NaN,NaN,NaN,NaN,NaN,NaN,NaN,NaN,NaN,NaN,NaN,NaN,NaN,NaN,NaN,NaN,NaN,NaN,NaN,NaN,NaN,NaN,NaN,NaN,0.010375,0.020807,0.031276,0.04178,0.052321,0.062897,0.073508,0.084155,0.094837,0.10555,0.11631,0.12709,0.13792,0.14877,0.15966,0.17059,0.18155,0.19254,0.20357,0.21463,0.22573,0.23685,0.24802,0.25921,0.27044,0.2817,0.293,0.30432,0.31568,0.32708,0.3385,0.34996,0.36145,0.37297,0.38452,0.39611,0.40773,0.41938,0.43106,0.44277,0.45452,0.46629,0.4781,0.48994,0.50181,0.51371
0.97,NaN,NaN,NaN,NaN,NaN,NaN,NaN,NaN,NaN,NaN,NaN,NaN,NaN,NaN,NaN,NaN,NaN,NaN,NaN,NaN,NaN,NaN,NaN,NaN,NaN,NaN,NaN,NaN,NaN,NaN,NaN,NaN,NaN,NaN,NaN,NaN,NaN,NaN,NaN,NaN,NaN,NaN,NaN,NaN,NaN,NaN,NaN,NaN,NaN,NaN,NaN,NaN,NaN,NaN,NaN,0.010265,0.020584,0.030934,0.041315,0.051727,0.06217,0.072643,0.083147,0.093681,0.10425,0.11484,0.12547,0.13612,0.1468,0.15752,0.16826,0.17903,0.18983,0.20066,0.21151,0.2224,0.23331,0.24426,0.25523,0.26622,0.27725,0.2883,0.29938,0.31049,0.32162,0.33278,0.34397,0.35519,0.36643,0.37769,0.38899,0.40031,0.41165,0.42303,0.43443,0.44585,0.4573,0.46877,0.48027,0.4918,0.50335
0.98,NaN,NaN,NaN,NaN,NaN,NaN,NaN,NaN,NaN,NaN,NaN,NaN,NaN,NaN,NaN,NaN,NaN,NaN,NaN,NaN,NaN,NaN,NaN,NaN,NaN,NaN,NaN,NaN,NaN,NaN,NaN,NaN,NaN,NaN,NaN,NaN,NaN,NaN,NaN,NaN,NaN,NaN,NaN,NaN,NaN,NaN,NaN,NaN,NaN,NaN,NaN,NaN,NaN,NaN,NaN,0.010159,0.020366,0.0306,0.04086,0.051147,0.061459,0.071798,0.082163,0.092554,0.10297,0.11341,0.12388,0.13437,0.14488,0.15542,0.16599,0.17658,0.18719,0.19783,0.20849,0.21917,0.22988,0.24061,0.25136,0.26214,0.27293,0.28375,0.2946,0.30546,0.31635,0.32726,0.33819,0.34914,0.36011,0.3711,0.38212,0.39315,0.40421,0.41529,0.42639,0.4375,0.44864,0.4598,0.47098,0.48218,0.4934
0.99,NaN,NaN,NaN,NaN,NaN,NaN,NaN,NaN,NaN,NaN,NaN,NaN,NaN,NaN,NaN,NaN,NaN,NaN,NaN,NaN,NaN,NaN,NaN,NaN,NaN,NaN,NaN,NaN,NaN,NaN,NaN,NaN,NaN,NaN,NaN,NaN,NaN,NaN,NaN,NaN,NaN,NaN,NaN,NaN,NaN,NaN,NaN,NaN,NaN,NaN,NaN,NaN,NaN,NaN,NaN,0.010054,0.020152,0.030272,0.040415,0.050579,0.060765,0.070973,0.081202,0.091452,0.10172,0.11202,0.12233,0.13266,0.14301,0.15339,0.16378,0.17419,0.18462,0.19508,0.20555,0.21603,0.22654,0.23707,0.24761,0.25817,0.26875,0.27935,0.28996,0.30059,0.31124,0.32191,0.33259,0.34329,0.35401,0.36474,0.37549,0.38625,0.39703,0.40782,0.41864,0.42946,0.44031,0.45116,0.46204,0.47292,0.48383
1,NaN,NaN,NaN,NaN,NaN,NaN,NaN,NaN,NaN,NaN,NaN,NaN,NaN,NaN,NaN,NaN,NaN,NaN,NaN,NaN,NaN,NaN,NaN,NaN,NaN,NaN,NaN,NaN,NaN,NaN,NaN,NaN,NaN,NaN,NaN,NaN,NaN,NaN,NaN,NaN,NaN,NaN,NaN,NaN,NaN,NaN,NaN,NaN,NaN,NaN,NaN,NaN,NaN,NaN,NaN,0.0099515,0.019942,0.029952,0.039979,0.050024,0.060087,0.070166,0.080263,0.090377,0.10051,0.11065,0.12082,0.131,0.14119,0.1514,0.16163,0.17187,0.18213,0.1924,0.20268,0.21298,0.2233,0.23363,0.24397,0.25432,0.26469,0.27508,0.28547,0.29588,0.3063,0.31673,0.32718,0.33763,0.3481,0.35858,0.36908,0.37958,0.3901,0.40062,0.41116,0.42171,0.43227,0.44284,0.45342,0.46402,0.47462
